{
  "observations": [
    1,
    2,
    2,
    2,
    2,
    1,
    2,
    1,
    1,
    2,
    1,
    1,
    2,
    1,
    2,
    2,
    2,
    2,
    1,
    1,
    1,
    1,
    2,
    2,
    2,
    2,
    2,
    2,
    2,
    2,
    2,
    1,
    0,
    0,
    0,
    1,
    1,
    0,
    0,
    0,
    0,
    0,
    1,
    0,
    0,
    2,
    0,
    0,
    0,
    0,
    0,
    1,
    1,
    1,
    0,
    1,
    0,
    0,
    1,
    0,
    0,
    0,
    1,
    2,
    2,
    1,
    1,
    1,
    1,
    2,
    1,
    2,
    0,
    1,
    1,
    0,
    0,
    0,
    1,
    1,
    0,
    0,
    0,
    0,
    0,
    0,
    0,
    0,
    1,
    1,
    1,
    0,
    1,
    0,
    0,
    0,
    1,
    1,
    1,
    1,
    0,
    0,
    0,
    0,
    0,
    0,
    1,
    2,
    1,
    1,
    1,
    1,
    0,
    0,
    1,
    2,
    2,
    2,
    1,
    2,
    2,
    2,
    1,
    2,
    0,
    0,
    0,
    0,
    0,
    0,
    2,
    1,
    2,
    1,
    1,
    2,
    0,
    1,
    2,
    2,
    1,
    1,
    2,
    2,
    2,
    2,
    2,
    2,
    2,
    2,
    2,
    2,
    1,
    0,
    0,
    0,
    0,
    1,
    0,
    1,
    1,
    1,
    1,
    1,
    2,
    2,
    1,
    2,
    2,
    2,
    2,
    2,
    2,
    2,
    1,
    0,
    0,
    1,
    2,
    2,
    1,
    1,
    0,
    0,
    0,
    1,
    1,
    1,
    2,
    1,
    1,
    2,
    2,
    2,
    1,
    1,
    2,
    2,
    1,
    0,
    0,
    0,
    2,
    1,
    1,
    1,
    1,
    2,
    1,
    2,
    0,
    0,
    0,
    0,
    0,
    0,
    0,
    0,
    0,
    0,
    0,
    1,
    1,
    1,
    1,
    2,
    2,
    2,
    2,
    2,
    2,
    2,
    2,
    2,
    2,
    2,
    1,
    0,
    0,
    0,
    0,
    0,
    0,
    0,
    0,
    0,
    1,
    2,
    2,
    2,
    1,
    1,
    1,
    2,
    2,
    2,
    2,
    2,
    1,
    0,
    0,
    0,
    0,
    1,
    0,
    0,
    1,
    0,
    0,
    0,
    0,
    0,
    2,
    2,
    2,
    2,
    2,
    2,
    2,
    2,
    1,
    1,
    2,
    2,
    2,
    2,
    1,
    0,
    0,
    2,
    2,
    2,
    2,
    1,
    1,
    0,
    0,
    0,
    0,
    0,
    0,
    1,
    1,
    1,
    1,
    1,
    1,
    0,
    0,
    0,
    0,
    0,
    0,
    1,
    1,
    1,
    1,
    0,
    1,
    1,
    0,
    0,
    0,
    1,
    2,
    2,
    2,
    2,
    2,
    2,
    1,
    1,
    0,
    2,
    2,
    1,
    1,
    0,
    0,
    1,
    1,
    1,
    2,
    2,
    2,
    2,
    0,
    1,
    1,
    1,
    1,
    1,
    0,
    1,
    1,
    1,
    0,
    1,
    0,
    0,
    0,
    0,
    0,
    0,
    0,
    1,
    1,
    1,
    0,
    0,
    2,
    2,
    2,
    2,
    2,
    2,
    2,
    1,
    1,
    0,
    0,
    0,
    0,
    0,
    0,
    0,
    1,
    1,
    1,
    0,
    2,
    2,
    2,
    2,
    2,
    2,
    2,
    2,
    2,
    2,
    2,
    2,
    2,
    0,
    0,
    0,
    0,
    1,
    1,
    1,
    0,
    0,
    2,
    1,
    1,
    1,
    0,
    0,
    0,
    0,
    0,
    0,
    0,
    0,
    0,
    0,
    1,
    2,
    2,
    1,
    0,
    0,
    0,
    0,
    0,
    0,
    1,
    1,
    2,
    0,
    2,
    2,
    2,
    2,
    2,
    2,
    2,
    2,
    1,
    1,
    1,
    0,
    2,
    2,
    2,
    2,
    2,
    2,
    0,
    1,
    1,
    2,
    2,
    2,
    2,
    2,
    2,
    1,
    0,
    1,
    0,
    0,
    1,
    2,
    1,
    1,
    2,
    2,
    2,
    2,
    2,
    2,
    1,
    1,
    1,
    1,
    0,
    2,
    2,
    1,
    1,
    1,
    0,
    2,
    2,
    1,
    2,
    2,
    2,
    1,
    1,
    1,
    2,
    1,
    2,
    1,
    1,
    1,
    0,
    0,
    1,
    0,
    0,
    0,
    0,
    0,
    0,
    0,
    1,
    2,
    2,
    2,
    1,
    0,
    2,
    2,
    2,
    1,
    1,
    1,
    2,
    2,
    1,
    2,
    2,
    2,
    2,
    1,
    2,
    2,
    2,
    0,
    0,
    0,
    0,
    0,
    1,
    2,
    2,
    2,
    2,
    2,
    2,
    1,
    1,
    1,
    1,
    1,
    2,
    2,
    2,
    2,
    2,
    2,
    2,
    2,
    2,
    1,
    1,
    0,
    0,
    0,
    0,
    0,
    0,
    1,
    2,
    2,
    2,
    2,
    1,
    1,
    1,
    1,
    1,
    0,
    2,
    0,
    1,
    1,
    2,
    2,
    2,
    2,
    2,
    1,
    1,
    1,
    1,
    1,
    0,
    0,
    0,
    0,
    2,
    1,
    1,
    1,
    0,
    0,
    0,
    0,
    0,
    2,
    0,
    0,
    0,
    1,
    0,
    0,
    0,
    0,
    0,
    0,
    0,
    0,
    2,
    0,
    1,
    1,
    2,
    1,
    1,
    1,
    0,
    1,
    1,
    0,
    0,
    0,
    1,
    1,
    1,
    1,
    1,
    1,
    0,
    0,
    0,
    1,
    1,
    1,
    0,
    0,
    0,
    0,
    0,
    0,
    0,
    1,
    2,
    2,
    1,
    2,
    2,
    2,
    2,
    2,
    2,
    2,
    1,
    2,
    2,
    1,
    0,
    1,
    1,
    2,
    1,
    1,
    2,
    1,
    0,
    0,
    0,
    2,
    0,
    0,
    0,
    0,
    0,
    1,
    1,
    1,
    0,
    1,
    1,
    2,
    2,
    2,
    2,
    2,
    2,
    2,
    0,
    1,
    1,
    0,
    0,
    0,
    0,
    0,
    0,
    0,
    0,
    0,
    1,
    1,
    1,
    2,
    2,
    2,
    2,
    2,
    2,
    0,
    0,
    0,
    1,
    2,
    2,
    2,
    2,
    2,
    2,
    2,
    2,
    2,
    1,
    0,
    0,
    2,
    1,
    2,
    0,
    0,
    1,
    2,
    2,
    2,
    1,
    1,
    1,
    1,
    1,
    1,
    2,
    2,
    2,
    1,
    1,
    1,
    2,
    2,
    2,
    2,
    1,
    1,
    2,
    2,
    2,
    0,
    0,
    2,
    2,
    0,
    0,
    0,
    0,
    0,
    1,
    2,
    2,
    2,
    1,
    1,
    1,
    1,
    1,
    1,
    1,
    1,
    1,
    2,
    1,
    1,
    2,
    2,
    2,
    2,
    1,
    2,
    2,
    1,
    1,
    1,
    1,
    1,
    1,
    0,
    0,
    0,
    0,
    0,
    0,
    0,
    1,
    2,
    1,
    1,
    1,
    1,
    2,
    2,
    1,
    1,
    2,
    2,
    2,
    2,
    1,
    0,
    0,
    1,
    1,
    2,
    2,
    2,
    2,
    2,
    2,
    2,
    2,
    2,
    2,
    1,
    1,
    2,
    1,
    0,
    1,
    0,
    0,
    0,
    1,
    0,
    1,
    1,
    2,
    1,
    0,
    0,
    2,
    2,
    1,
    2,
    2,
    2,
    2,
    1,
    2,
    2,
    2,
    2,
    1,
    0,
    0,
    1,
    1,
    2,
    1,
    2,
    2,
    1,
    2,
    0,
    0,
    0,
    0,
    0,
    2,
    2,
    1,
    1,
    1,
    2,
    2,
    2,
    2,
    1,
    0,
    0,
    0,
    0,
    0,
    0,
    0,
    0,
    0,
    0,
    0,
    0,
    0,
    0,
    0,
    0,
    0,
    0,
    0,
    0,
    0,
    0,
    0,
    0,
    0,
    0,
    0,
    0,
    0,
    1,
    1,
    0,
    1,
    0,
    0,
    1,
    2,
    2,
    1,
    1,
    1,
    1,
    0,
    0,
    0,
    0,
    0,
    1,
    2,
    1,
    1,
    1,
    2,
    2,
    2,
    1,
    1,
    1,
    1,
    1,
    0,
    1,
    1,
    0,
    0,
    0,
    0,
    0,
    0,
    0,
    1,
    0,
    0,
    0,
    1,
    1,
    2,
    2,
    2,
    2,
    1,
    0,
    1,
    0,
    0,
    0,
    0,
    1,
    0,
    0,
    0,
    0,
    0,
    0,
    0,
    2,
    2,
    2,
    2,
    2
  ],
  "actions": [
    1,
    1,
    1,
    2,
    2,
    0,
    2,
    1,
    1,
    2,
    2,
    1,
    2,
    1,
    2,
    0,
    1,
    0,
    0,
    1,
    1,
    2,
    2,
    1,
    0,
    0,
    2,
    1,
    0,
    1,
    0,
    0,
    1,
    0,
    2,
    1,
    0,
    1,
    2,
    2,
    2,
    1,
    2,
    1,
    2,
    1,
    2,
    1,
    2,
    2,
    0,
    2,
    2,
    2,
    0,
    1,
    1,
    0,
    1,
    2,
    1,
    2,
    2,
    1,
    2,
    1,
    1,
    1,
    0,
    0,
    0,
    2,
    1,
    1,
    0,
    1,
    2,
    0,
    2,
    2,
    0,
    2,
    0,
    1,
    2,
    0,
    2,
    2,
    1,
    1,
    0,
    2,
    2,
    2,
    1,
    1,
    0,
    2,
    1,
    2,
    2,
    2,
    2,
    2,
    1,
    2,
    0,
    1,
    1,
    0,
    0,
    2,
    0,
    0,
    1,
    1,
    1,
    0,
    0,
    0,
    2,
    2,
    2,
    1,
    0,
    1,
    1,
    1,
    0,
    0,
    0,
    2,
    0,
    1,
    0,
    0,
    1,
    1,
    1,
    2,
    2,
    2,
    2,
    1,
    2,
    2,
    2,
    1,
    2,
    1,
    2,
    1,
    0,
    2,
    0,
    1,
    1,
    1,
    0,
    0,
    2,
    0,
    2,
    0,
    0,
    2,
    0,
    1,
    0,
    0,
    2,
    1,
    1,
    1,
    1,
    2,
    0,
    0,
    1,
    2,
    1,
    2,
    2,
    2,
    2,
    2,
    0,
    0,
    2,
    1,
    0,
    1,
    2,
    2,
    0,
    2,
    1,
    2,
    2,
    0,
    2,
    0,
    0,
    2,
    2,
    2,
    0,
    2,
    0,
    2,
    2,
    1,
    0,
    1,
    0,
    0,
    1,
    0,
    2,
    1,
    0,
    2,
    2,
    0,
    0,
    2,
    1,
    2,
    2,
    2,
    1,
    2,
    1,
    1,
    0,
    2,
    2,
    2,
    2,
    2,
    2,
    2,
    2,
    1,
    2,
    0,
    1,
    0,
    1,
    0,
    2,
    2,
    1,
    2,
    0,
    1,
    0,
    1,
    0,
    1,
    1,
    2,
    0,
    0,
    2,
    0,
    2,
    1,
    0,
    2,
    1,
    0,
    0,
    0,
    0,
    0,
    1,
    2,
    0,
    2,
    1,
    2,
    1,
    1,
    0,
    0,
    2,
    0,
    0,
    1,
    1,
    0,
    1,
    1,
    0,
    0,
    1,
    1,
    1,
    0,
    0,
    0,
    2,
    1,
    2,
    2,
    1,
    2,
    0,
    1,
    0,
    0,
    2,
    1,
    1,
    1,
    2,
    0,
    1,
    0,
    2,
    2,
    1,
    0,
    1,
    1,
    0,
    2,
    0,
    0,
    2,
    0,
    2,
    0,
    2,
    1,
    2,
    2,
    2,
    1,
    1,
    0,
    1,
    1,
    0,
    1,
    0,
    2,
    0,
    1,
    1,
    0,
    2,
    0,
    2,
    0,
    1,
    0,
    2,
    0,
    2,
    1,
    2,
    2,
    0,
    0,
    1,
    0,
    2,
    0,
    0,
    0,
    0,
    1,
    0,
    1,
    2,
    1,
    0,
    1,
    2,
    2,
    0,
    0,
    1,
    0,
    0,
    0,
    1,
    0,
    0,
    0,
    0,
    1,
    0,
    0,
    1,
    0,
    0,
    0,
    1,
    1,
    2,
    1,
    0,
    1,
    0,
    1,
    2,
    2,
    1,
    1,
    1,
    2,
    1,
    2,
    2,
    2,
    2,
    1,
    1,
    2,
    2,
    1,
    0,
    0,
    0,
    0,
    0,
    0,
    0,
    0,
    0,
    0,
    2,
    0,
    0,
    0,
    2,
    0,
    0,
    1,
    0,
    2,
    0,
    1,
    1,
    2,
    0,
    0,
    2,
    1,
    1,
    1,
    1,
    2,
    2,
    2,
    1,
    1,
    0,
    0,
    2,
    1,
    0,
    0,
    2,
    0,
    1,
    2,
    2,
    0,
    0,
    1,
    1,
    0,
    2,
    1,
    0,
    0,
    2,
    1,
    1,
    2,
    2,
    0,
    2,
    2,
    1,
    1,
    2,
    2,
    1,
    2,
    0,
    2,
    0,
    0,
    2,
    2,
    2,
    0,
    2,
    1,
    0,
    2,
    0,
    2,
    2,
    0,
    2,
    2,
    1,
    0,
    2,
    0,
    2,
    2,
    2,
    1,
    1,
    2,
    1,
    2,
    2,
    0,
    2,
    1,
    1,
    0,
    2,
    2,
    1,
    2,
    2,
    2,
    0,
    0,
    2,
    2,
    1,
    0,
    2,
    2,
    1,
    0,
    1,
    0,
    0,
    2,
    1,
    0,
    0,
    1,
    0,
    2,
    1,
    0,
    0,
    2,
    1,
    2,
    0,
    1,
    2,
    2,
    2,
    1,
    0,
    0,
    0,
    2,
    2,
    1,
    0,
    2,
    1,
    2,
    1,
    2,
    1,
    1,
    1,
    2,
    0,
    0,
    1,
    1,
    2,
    0,
    2,
    2,
    1,
    2,
    2,
    1,
    0,
    1,
    2,
    0,
    2,
    0,
    0,
    2,
    1,
    2,
    1,
    2,
    1,
    2,
    1,
    2,
    2,
    0,
    2,
    0,
    2,
    0,
    1,
    2,
    2,
    2,
    1,
    0,
    1,
    2,
    2,
    0,
    2,
    0,
    0,
    2,
    2,
    2,
    0,
    1,
    2,
    1,
    2,
    1,
    0,
    0,
    2,
    1,
    1,
    2,
    2,
    2,
    0,
    1,
    2,
    2,
    1,
    2,
    0,
    2,
    1,
    2,
    2,
    1,
    2,
    2,
    0,
    2,
    0,
    1,
    0,
    1,
    2,
    2,
    2,
    0,
    2,
    2,
    0,
    1,
    1,
    1,
    2,
    1,
    1,
    2,
    2,
    2,
    2,
    1,
    2,
    2,
    1,
    2,
    2,
    0,
    0,
    0,
    1,
    1,
    1,
    0,
    0,
    2,
    0,
    1,
    1,
    2,
    1,
    1,
    2,
    1,
    1,
    1,
    2,
    1,
    0,
    1,
    1,
    0,
    0,
    1,
    0,
    2,
    2,
    0,
    0,
    0,
    2,
    1,
    0,
    0,
    0,
    0,
    1,
    0,
    1,
    1,
    2,
    2,
    2,
    0,
    2,
    2,
    1,
    0,
    2,
    1,
    2,
    0,
    0,
    2,
    1,
    2,
    2,
    2,
    2,
    2,
    2,
    0,
    0,
    2,
    0,
    1,
    0,
    2,
    2,
    0,
    0,
    2,
    2,
    0,
    1,
    1,
    2,
    2,
    0,
    2,
    0,
    1,
    2,
    1,
    0,
    2,
    2,
    2,
    2,
    0,
    1,
    2,
    2,
    2,
    2,
    1,
    2,
    2,
    0,
    2,
    2,
    0,
    2,
    0,
    1,
    1,
    2,
    2,
    2,
    2,
    2,
    2,
    2,
    0,
    0,
    2,
    1,
    1,
    2,
    1,
    1,
    1,
    2,
    1,
    1,
    2,
    1,
    0,
    2,
    2,
    2,
    0,
    0,
    2,
    0,
    2,
    0,
    0,
    1,
    2,
    1,
    2,
    0,
    1,
    2,
    1,
    1,
    2,
    1,
    1,
    2,
    2,
    2,
    1,
    2,
    1,
    2,
    2,
    0,
    0,
    2,
    2,
    1,
    0,
    2,
    1,
    0,
    0,
    2,
    2,
    2,
    2,
    2,
    0,
    1,
    2,
    2,
    1,
    2,
    2,
    0,
    2,
    2,
    2,
    0,
    0,
    2,
    2,
    0,
    2,
    2,
    0,
    2,
    2,
    1,
    0,
    0,
    0,
    2,
    0,
    0,
    1,
    2,
    1,
    2,
    2,
    2,
    2,
    1,
    0,
    2,
    0,
    2,
    2,
    0,
    2,
    2,
    1,
    0,
    2,
    0,
    2,
    1,
    1,
    0,
    0,
    2,
    1,
    2,
    2,
    0,
    2,
    2,
    0,
    0,
    2,
    2,
    2,
    2,
    0,
    0,
    2,
    2,
    2,
    0,
    2,
    0,
    2,
    1,
    1,
    1,
    1,
    1,
    0,
    2,
    2,
    0,
    0,
    1,
    1,
    2,
    1,
    2,
    2,
    2,
    0,
    1,
    1,
    2,
    0,
    0,
    1,
    0,
    0,
    1,
    0,
    2,
    1,
    1,
    0,
    0,
    0,
    1,
    1,
    0,
    0,
    0,
    0,
    2,
    0,
    2,
    0,
    0,
    2,
    0,
    1,
    1,
    1,
    0,
    1,
    0,
    0,
    2,
    1,
    2,
    2
  ],
  "beliefs": [
    [
      0.004424778761061948,
      0.9911504424778762,
      0.004424778761061948
    ],
    [
      0.003952569169960475,
      0.8853754940711461,
      0.1106719367588933
    ],
    [
      0.0009910802775024777,
      0.22200198216055492,
      0.7770069375619425
    ],
    [
      4.509176173513099e-05,
      0.010100554628669338,
      0.9898543536095955
    ],
    [
      1.6263309485900525e-06,
      0.0003642981324841716,
      0.9996340755365672
    ],
    [
      1.6104900882387518e-06,
      0.010100993833433448,
      0.9898973956764783
    ],
    [
      5.808333925299365e-08,
      0.000364298703794776,
      0.9996356432128659
    ],
    [
      5.751759247462826e-08,
      0.010101009520024313,
      0.9898989329623832
    ],
    [
      4.5192394644213156e-08,
      0.22222221217946775,
      0.7777777426281376
    ],
    [
      2.0541998451696165e-09,
      0.0101010100802606,
      0.9898989878655395
    ],
    [
      1.6140141647723077e-09,
      0.2222222218635523,
      0.7777777765224336
    ],
    [
      2.3057345242931445e-10,
      0.8888888886839347,
      0.1111111110854919
    ],
    [
      5.7643363117296864e-11,
      0.22222222220941246,
      0.7777777777329441
    ],
    [
      8.234766160020712e-12,
      0.8888888888815691,
      0.1111111111101962
    ],
    [
      2.058691540017892e-12,
      0.22222222222176466,
      0.7777777777761767
    ],
    [
      9.35768881828153e-14,
      0.01010101010100915,
      0.9898989898988972
    ],
    [
      3.3749041639706924e-15,
      0.00036429872495446125,
      0.9996357012750422
    ],
    [
      1.2057464800410737e-16,
      1.3015240847031866e-05,
      0.9999869847591529
    ],
    [
      1.205322915703823e-16,
      0.0003642987249544625,
      0.9996357012750455
    ],
    [
      1.19358275743398e-16,
      0.010101010101010095,
      0.9898989898989897
    ],
    [
      9.378150236981274e-17,
      0.22222222222222215,
      0.7777777777777778
    ],
    [
      1.3397357481401822e-17,
      0.8888888888888888,
      0.11111111111111113
    ],
    [
      3.3493393703504544e-18,
      0.22222222222222215,
      0.7777777777777778
    ],
    [
      1.5224269865229338e-19,
      0.010101010101010097,
      0.9898989898989898
    ],
    [
      5.49072027926304e-21,
      0.0003642987249544625,
      0.9996357012750455
    ],
    [
      1.9616606362600763e-22,
      1.3015240847031868e-05,
      0.999986984759153
    ],
    [
      7.006018772199767e-24,
      4.6483586413219527e-07,
      0.9999995351641359
    ],
    [
      2.5021506830503856e-25,
      1.660128830313566e-08,
      0.9999999833987118
    ],
    [
      8.936252582520635e-27,
      5.929031631748387e-10,
      0.9999999994070968
    ],
    [
      3.1915187812963364e-28,
      2.1175112982636362e-11,
      0.9999999999788249
    ],
    [
      1.1398281362005368e-29,
      7.562540351095975e-13,
      0.9999999999992437
    ],
    [
      1.1398281361772628e-29,
      2.117511298263636e-11,
      0.9999999999788248
    ],
    [
      3.191518781296336e-28,
      2.117511298263636e-11,
      0.9999999999788248
    ],
    [
      8.936252587629741e-27,
      2.117511298263636e-11,
      0.9999999999788248
    ],
    [
      2.502150724536327e-25,
      2.117511298263636e-11,
      0.9999999999788248
    ],
    [
      2.5021507231057776e-25,
      5.929031631748386e-10,
      0.9999999994070968
    ],
    [
      2.5021506830503856e-25,
      1.660128830313566e-08,
      0.9999999833987118
    ],
    [
      7.00602191254108e-24,
      1.660128830313566e-08,
      0.9999999833987118
    ],
    [
      1.9616861355115027e-22,
      1.660128830313566e-08,
      0.9999999833987118
    ],
    [
      5.492721179432208e-21,
      1.660128830313566e-08,
      0.9999999833987118
    ],
    [
      1.5379619302410182e-19,
      1.660128830313566e-08,
      0.9999999833987118
    ],
    [
      4.306293404674851e-18,
      1.660128830313566e-08,
      0.9999999833987118
    ],
    [
      4.306291474445221e-18,
      4.648358641321952e-07,
      0.9999995351641358
    ],
    [
      1.205761612844662e-16,
      4.648358641321952e-07,
      0.9999995351641359
    ],
    [
      3.3761325159650426e-15,
      4.6483586413219363e-07,
      0.9999995351641325
    ],
    [
      1.2057621533089584e-16,
      1.6601288303135655e-08,
      0.9999999833987117
    ],
    [
      3.3761340292650723e-15,
      1.66012883031356e-08,
      0.9999999833987084
    ],
    [
      9.453175281941341e-14,
      1.6601288303134083e-08,
      0.9999999833986173
    ],
    [
      2.6468890789368196e-12,
      1.6601288303091712e-08,
      0.9999999833960649
    ],
    [
      7.411289420493439e-11,
      1.660128830190528e-08,
      0.9999999833245987
    ],
    [
      2.075161033585666e-09,
      1.6601288268685303e-08,
      0.9999999813235507
    ],
    [
      2.075160103426727e-09,
      4.6483586316758616e-07,
      0.9999995330889767
    ],
    [
      2.0751340593149724e-09,
      1.301524082002349e-05,
      0.9999869826840458
    ],
    [
      2.074405089506421e-09,
      0.00036429872419875916,
      0.9996356992013962
    ],
    [
      5.808333925299367e-08,
      0.0003642987037947758,
      0.9996356432128659
    ],
    [
      5.751759247462828e-08,
      0.010101009520024308,
      0.9898989329623832
    ],
    [
      1.6104900882387525e-06,
      0.010100993833433443,
      0.9898973956764784
    ],
    [
      4.5091761735131005e-05,
      0.010100554628669331,
      0.9898543536095956
    ],
    [
      3.542958370239151e-05,
      0.22221434898139925,
      0.7777502214348984
    ],
    [
      0.0009910802775024783,
      0.2220019821605548,
      0.7770069375619428
    ],
    [
      0.027027027027027046,
      0.216216216216216,
      0.756756756756757
    ],
    [
      0.4375000000000001,
      0.12499999999999983,
      0.4375
    ],
    [
      0.10000000000000012,
      0.7999999999999997,
      0.10000000000000009
    ],
    [
      0.02702702702702704,
      0.216216216216216,
      0.7567567567567569
    ],
    [
      0.001261034047919294,
      0.010088272383354338,
      0.9886506935687264
    ],
    [
      0.0009910802775024781,
      0.2220019821605548,
      0.7770069375619427
    ],
    [
      0.00014170327334561445,
      0.8887629304236927,
      0.1110953663029617
    ],
    [
      5.668902103729577e-06,
      0.9955499118485722,
      0.0044444192493239875
    ],
    [
      2.0333332452222283e-07,
      0.99984038334025,
      0.00015941332642542268
    ],
    [
      2.0246189616498724e-07,
      0.99555535399349,
      0.004444443544613799
    ],
    [
      7.26190587107444e-09,
      0.9998405793804123,
      0.00015941335768182607
    ],
    [
      7.230783417566303e-09,
      0.995555548356909,
      0.004444444412307633
    ],
    [
      2.024618961649872e-07,
      0.9955553539934899,
      0.004444443544613799
    ],
    [
      7.261905871074439e-09,
      0.9998405793804123,
      0.0001594133576818261
    ],
    [
      2.593936569252519e-10,
      0.9999943055310496,
      5.694209556823129e-06
    ],
    [
      7.26302234303954e-09,
      0.9999942985274607,
      5.694209516942999e-06
    ],
    [
      2.033645857249858e-07,
      0.9999941024270139,
      5.694208400299603e-06
    ],
    [
      5.694177134462306e-06,
      0.9999886116457313,
      5.694177134462306e-06
    ],
    [
      2.0336570237429483e-07,
      0.9999995932685953,
      2.0336570237429483e-07
    ],
    [
      7.263063647693892e-09,
      0.9999999854738728,
      7.263063647693892e-09
    ],
    [
      2.0336574225485407e-07,
      0.9999997893711955,
      7.263062223387645e-09
    ],
    [
      5.694209516943002e-06,
      0.9999942985274608,
      7.2630223430395414e-09
    ],
    [
      0.0001594133576818262,
      0.9998405793804125,
      7.2619058710744425e-09
    ],
    [
      0.004444444412307636,
      0.995555548356909,
      7.2307834175663044e-09
    ],
    [
      0.11111111039377164,
      0.8888888831501718,
      6.456056627828737e-09
    ],
    [
      0.7777777765224337,
      0.22222222186355214,
      1.6140141647723077e-09
    ],
    [
      0.9898989898263666,
      0.01010101010026903,
      7.33642803299517e-11
    ],
    [
      0.9996357012724005,
      0.0003642987249534981,
      2.6459248645460293e-12
    ],
    [
      0.9898989898963962,
      0.010101010100983618,
      2.620152869112207e-12
    ],
    [
      0.7777777777761768,
      0.2222222222217645,
      2.058691540017891e-12
    ],
    [
      0.11111111111107859,
      0.8888888888886274,
      2.9409879143164654e-13
    ],
    [
      0.777777777777721,
      0.22222222222220564,
      7.352469785792778e-14
    ],
    [
      0.11111111111111009,
      0.8888888888888795,
      1.0503528265418927e-14
    ],
    [
      0.7777777777777759,
      0.22222222222222135,
      2.625882066354749e-15
    ],
    [
      0.9898989898989897,
      0.010101010101010083,
      1.1935827574339794e-16
    ],
    [
      0.9996357012750455,
      0.00036429872495446206,
      4.304724698942221e-18
    ],
    [
      0.98989898989899,
      0.010101010101010085,
      4.262795562264213e-18
    ],
    [
      0.7777777777777781,
      0.222222222222222,
      3.3493393703504544e-18
    ],
    [
      0.11111111111111126,
      0.8888888888888887,
      4.784770529072083e-19
    ],
    [
      0.004444444444444451,
      0.9955555555555556,
      1.9139082116288334e-20
    ],
    [
      0.11111111111111124,
      0.8888888888888886,
      1.7088466175257436e-20
    ],
    [
      0.777777777777778,
      0.22222222222222196,
      4.272116543814355e-21
    ],
    [
      0.9898989898989898,
      0.010101010101010085,
      1.9418711562792515e-22
    ],
    [
      0.9996357012750455,
      0.00036429872495446206,
      7.003469743957956e-24
    ],
    [
      0.999986984759153,
      1.3015240847031854e-05,
      2.5021181584949944e-25
    ],
    [
      0.9999995351641359,
      4.6483586413219485e-07,
      8.936248433928272e-27
    ],
    [
      0.999986984759153,
      1.3015240847031854e-05,
      8.936136280339267e-27
    ],
    [
      0.999986984759153,
      1.3015240847031854e-05,
      2.5021181584949944e-25
    ],
    [
      0.9996357012750455,
      0.00036429872495446206,
      2.5012391942706987e-25
    ],
    [
      0.98989898989899,
      0.010101010101010085,
      2.4768764748459844e-25
    ],
    [
      0.7777777777777781,
      0.222222222222222,
      1.9461172302361316e-25
    ],
    [
      0.11111111111111126,
      0.8888888888888887,
      2.780167471765905e-26
    ],
    [
      0.777777777777778,
      0.22222222222222196,
      6.950418679414755e-27
    ],
    [
      0.9898989898989898,
      0.010101010101010085,
      3.1592812179157966e-28
    ],
    [
      0.7777777777777781,
      0.222222222222222,
      2.4822923855052697e-28
    ],
    [
      0.7777777777777781,
      0.222222222222222,
      6.950418679414755e-27
    ],
    [
      0.7777777777777781,
      0.222222222222222,
      1.9461172302361316e-25
    ],
    [
      0.7777777777777781,
      0.222222222222222,
      5.449128244661169e-24
    ],
    [
      0.11111111111111126,
      0.8888888888888887,
      7.7844689209445345e-25
    ],
    [
      0.11111111111111126,
      0.8888888888888887,
      2.1796512978644697e-23
    ],
    [
      0.11111111111111126,
      0.8888888888888887,
      6.103023634020515e-22
    ],
    [
      0.11111111111111126,
      0.8888888888888887,
      1.7088466175257442e-20
    ],
    [
      0.004444444444444451,
      0.9955555555555556,
      6.835386470102978e-22
    ],
    [
      0.004444444444444451,
      0.9955555555555555,
      1.913908211628834e-20
    ],
    [
      0.11111111111111124,
      0.8888888888888886,
      1.7088466175257442e-20
    ],
    [
      0.777777777777778,
      0.22222222222222196,
      4.2721165438143574e-21
    ],
    [
      0.9898989898989898,
      0.010101010101010085,
      1.9418711562792524e-22
    ],
    [
      0.9996357012750455,
      0.00036429872495446206,
      7.00346974395796e-24
    ],
    [
      0.999986984759153,
      1.3015240847031854e-05,
      2.502118158494996e-25
    ],
    [
      0.9999995351641359,
      4.6483586413219485e-07,
      8.936248433928277e-27
    ],
    [
      0.9999995351641359,
      4.648358641321948e-07,
      2.5021495614999173e-25
    ],
    [
      0.999986984759153,
      1.3015240847031853e-05,
      2.502118158494996e-25
    ],
    [
      0.999986984759153,
      1.3015240847031853e-05,
      7.005930843785988e-24
    ],
    [
      0.9996357012750455,
      0.000364298724954462,
      7.003469743957959e-24
    ],
    [
      0.98989898989899,
      0.010101010101010085,
      6.935254129568759e-24
    ],
    [
      0.98989898989899,
      0.010101010101010085,
      1.9418711562792524e-22
    ],
    [
      0.9996357012750455,
      0.000364298724954462,
      7.003469743957959e-24
    ],
    [
      0.98989898989899,
      0.010101010101010085,
      6.935254129568759e-24
    ],
    [
      0.98989898989899,
      0.010101010101010085,
      1.9418711562792524e-22
    ],
    [
      0.98989898989899,
      0.010101010101010085,
      5.437239237581907e-21
    ],
    [
      0.7777777777777781,
      0.222222222222222,
      4.272116543814357e-21
    ],
    [
      0.11111111111111126,
      0.8888888888888887,
      6.103023634020515e-22
    ],
    [
      0.11111111111111126,
      0.8888888888888887,
      1.7088466175257442e-20
    ],
    [
      0.11111111111111126,
      0.8888888888888887,
      4.784770529072084e-19
    ],
    [
      0.11111111111111126,
      0.8888888888888887,
      1.3397357481401836e-17
    ],
    [
      0.11111111111111122,
      0.8888888888888884,
      3.751260094792513e-16
    ],
    [
      0.1111111111111101,
      0.8888888888888795,
      1.0503528265418932e-14
    ],
    [
      0.11111111111107858,
      0.8888888888886273,
      2.940987914316467e-13
    ],
    [
      0.1111111111101963,
      0.888888888881569,
      8.234766160020718e-12
    ],
    [
      0.11111111108549197,
      0.8888888886839346,
      2.305734524293147e-10
    ],
    [
      0.11111111039377161,
      0.8888888831501717,
      6.456056627828739e-09
    ],
    [
      0.11111109102560524,
      0.8888887282048407,
      1.807695540686258e-07
    ],
    [
      0.004444444412307636,
      0.995555548356909,
      7.230783417566308e-09
    ],
    [
      0.11111111039377164,
      0.8888888831501718,
      6.45605662782874e-09
    ],
    [
      0.7777777765224337,
      0.22222222186355214,
      1.6140141647723083e-09
    ],
    [
      0.9898989898263666,
      0.01010101010026903,
      7.336428032995173e-11
    ],
    [
      0.9996357012724005,
      0.0003642987249534981,
      2.6459248645460305e-12
    ],
    [
      0.9898989898963962,
      0.010101010100983618,
      2.6201528691122083e-12
    ],
    [
      0.999635701274951,
      0.0003642987249544276,
      9.449731659117076e-14
    ],
    [
      0.9898989898988974,
      0.010101010101009139,
      9.35768881828153e-14
    ],
    [
      0.7777777777777208,
      0.2222222222222056,
      7.35246978579278e-14
    ],
    [
      0.11111111111111009,
      0.8888888888888795,
      1.0503528265418932e-14
    ],
    [
      0.004444444444444448,
      0.9955555555555552,
      4.201411306167615e-16
    ],
    [
      0.00015941335883947093,
      0.9998405866411606,
      1.5069624484101923e-17
    ],
    [
      0.00015941335883947087,
      0.9998405866411602,
      4.2194948555485363e-16
    ],
    [
      0.00015941335883946903,
      0.9998405866411487,
      1.1814585595535767e-14
    ],
    [
      5.694209558300167e-06,
      0.9999943057904412,
      4.2201435761228526e-16
    ],
    [
      5.694209558300103e-06,
      0.9999943057904299,
      1.1816402013143852e-14
    ],
    [
      5.694209558298287e-06,
      0.999994305790111,
      3.3085925636792235e-13
    ],
    [
      5.694209558247419e-06,
      0.9999943057811778,
      9.264059178219067e-12
    ],
    [
      5.694209556823128e-06,
      0.9999943055310494,
      2.5939365692525183e-10
    ],
    [
      5.694209516942999e-06,
      0.9999942985274607,
      7.26302234303954e-09
    ],
    [
      5.694208400299603e-06,
      0.9999941024270139,
      2.033645857249858e-07
    ],
    [
      5.694177134462306e-06,
      0.9999886116457313,
      5.694177134462306e-06
    ],
    [
      2.0336570237429483e-07,
      0.9999995932685953,
      2.0336570237429483e-07
    ],
    [
      5.694208400299603e-06,
      0.9999941024270139,
      2.0336458572498582e-07
    ],
    [
      0.0001594133264254227,
      0.99984038334025,
      2.0333332452222283e-07
    ],
    [
      5.694209516943e-06,
      0.9999942985274607,
      7.263022343039541e-09
    ],
    [
      5.694208400299604e-06,
      0.9999941024270139,
      2.0336458572498582e-07
    ],
    [
      5.694177134462306e-06,
      0.9999886116457313,
      5.694177134462306e-06
    ],
    [
      2.0336570237429483e-07,
      0.9999995932685953,
      2.0336570237429483e-07
    ],
    [
      7.263063647693892e-09,
      0.9999999854738728,
      7.263063647693892e-09
    ],
    [
      2.0336574225485407e-07,
      0.9999997893711955,
      7.263062223387645e-09
    ],
    [
      5.694209516943002e-06,
      0.9999942985274608,
      7.2630223430395414e-09
    ],
    [
      0.0001594133576818262,
      0.9998405793804125,
      7.2619058710744425e-09
    ],
    [
      5.694209556823131e-06,
      0.9999943055310496,
      2.5939365692525193e-10
    ],
    [
      2.033657437300282e-07,
      0.9999997966249922,
      9.264110046010758e-12
    ],
    [
      7.263063700443585e-09,
      0.9999999927366054,
      3.3086113795752475e-13
    ],
    [
      7.263063700378703e-09,
      0.9999999927276723,
      9.264111862727934e-12
    ],
    [
      2.59395133975417e-10,
      0.9999999997402741,
      3.308611402747665e-13
    ],
    [
      9.264111930013661e-12,
      0.9999999999907241,
      1.1816469298486809e-14
    ],
    [
      9.264111930010708e-12,
      0.9999999999904052,
      3.308611403575252e-13
    ],
    [
      9.26411192992795e-12,
      0.9999999999814719,
      9.264111929927946e-12
    ],
    [
      9.264111927610707e-12,
      0.9999999997313408,
      2.5939513397309967e-10
    ],
    [
      3.308611403575253e-13,
      0.999999999990405,
      9.264111930010703e-12
    ],
    [
      1.1816469298592376e-14,
      0.9999999999996574,
      3.3086114036058636e-13
    ],
    [
      1.1816469298486815e-14,
      0.9999999999907241,
      9.26411193001366e-12
    ],
    [
      1.1816469295531149e-14,
      0.999999999740593,
      2.5939513397549963e-10
    ],
    [
      4.2201676066024817e-16,
      0.9999999999907354,
      9.264111930013763e-12
    ],
    [
      1.1816469298486815e-14,
      0.9999999999907241,
      9.26411193001366e-12
    ],
    [
      3.3086114035752533e-13,
      0.9999999999904052,
      9.264111930010706e-12
    ],
    [
      9.264111929927951e-12,
      0.9999999999814719,
      9.264111929927948e-12
    ],
    [
      9.264111927610708e-12,
      0.9999999997313408,
      2.593951339730997e-10
    ],
    [
      3.3086114035752533e-13,
      0.999999999990405,
      9.264111930010705e-12
    ],
    [
      1.1816469298592377e-14,
      0.9999999999996574,
      3.308611403605864e-13
    ],
    [
      4.2201676066415284e-16,
      0.9999999999999878,
      1.1816469298596274e-14
    ],
    [
      1.5072027166577066e-17,
      0.9999999999999996,
      4.220167606641576e-16
    ],
    [
      1.5072027166576894e-17,
      0.9999999999999881,
      1.1816469298596277e-14
    ],
    [
      5.382866845206095e-19,
      0.9999999999999996,
      4.2201676066415757e-16
    ],
    [
      5.382866845206033e-19,
      0.9999999999999881,
      1.1816469298596276e-14
    ],
    [
      1.5072027166576894e-17,
      0.9999999999999881,
      1.1816469298596276e-14
    ],
    [
      4.220167606641529e-16,
      0.9999999999999877,
      1.1816469298596271e-14
    ],
    [
      1.1816469298596147e-14,
      0.9999999999999762,
      1.1816469298596135e-14
    ],
    [
      3.3086114036058657e-13,
      0.9999999999996574,
      1.1816469298592366e-14
    ],
    [
      9.264111930013665e-12,
      0.9999999999907241,
      1.1816469298486807e-14
    ],
    [
      2.593951339754998e-10,
      0.999999999740593,
      1.181646929553114e-14
    ],
    [
      7.263063700445904e-09,
      0.9999999927369245,
      1.1816469212772507e-14
    ],
    [
      2.0336574373190983e-07,
      0.9999997966342444,
      1.181646689553121e-14
    ],
    [
      5.694209558300107e-06,
      0.9999943057904298,
      1.181640201314385e-14
    ],
    [
      0.00015941335883946914,
      0.9998405866411487,
      1.1814585595535764e-14
    ],
    [
      0.004444444444444399,
      0.9955555555555438,
      1.1763951657269182e-14
    ],
    [
      0.00015941335883947095,
      0.99984058664116,
      4.219494855548535e-16
    ],
    [
      5.694209558300175e-06,
      0.9999943057904417,
      1.5071941343295904e-17
    ],
    [
      2.0336574373191224e-07,
      0.9999997966342563,
      5.382865750515373e-19
    ],
    [
      7.263063700445989e-09,
      0.9999999927369363,
      1.9224524307535667e-20
    ],
    [
      7.263063700445989e-09,
      0.9999999927369363,
      5.382866806109987e-19
    ],
    [
      7.263063700445989e-09,
      0.9999999927369363,
      1.5072027057107963e-17
    ],
    [
      7.263063700445987e-09,
      0.9999999927369358,
      4.220167575990228e-16
    ],
    [
      7.263063700445903e-09,
      0.9999999927369244,
      1.1816469212772504e-14
    ],
    [
      7.263063700443586e-09,
      0.9999999927366056,
      3.308611379575246e-13
    ],
    [
      7.263063700378703e-09,
      0.9999999927276723,
      9.264111862727929e-12
    ],
    [
      7.263063698561984e-09,
      0.9999999924775411,
      2.593951320914992e-10
    ],
    [
      7.263063647693893e-09,
      0.9999999854738727,
      7.263063647693888e-09
    ],
    [
      7.263062223387647e-09,
      0.9999997893711955,
      2.03365742254854e-07
    ],
    [
      7.263022343039543e-09,
      0.9999942985274608,
      5.694209516942999e-06
    ],
    [
      7.261905871074444e-09,
      0.9998405793804125,
      0.00015941335768182612
    ],
    [
      2.59393656925252e-10,
      0.9999943055310496,
      5.694209556823129e-06
    ],
    [
      7.263022343039543e-09,
      0.9999942985274607,
      5.694209516942999e-06
    ],
    [
      2.033645857249859e-07,
      0.9999941024270139,
      5.694208400299603e-06
    ],
    [
      5.694177134462308e-06,
      0.9999886116457313,
      5.694177134462306e-06
    ],
    [
      0.0001594124512511033,
      0.9998348942469185,
      5.6933018303965455e-06
    ],
    [
      0.004444419249323988,
      0.9955499118485722,
      5.668902103729577e-06
    ],
    [
      0.11111054871968794,
      0.8888843897575024,
      5.061522809752548e-06
    ],
    [
      0.777776793589051,
      0.22222194102544288,
      1.2653855060213371e-06
    ],
    [
      0.9898989329623832,
      0.010101009520024304,
      5.7517592474628256e-08
    ],
    [
      0.9996356992013962,
      0.000364298724198759,
      2.07440508950642e-09
    ],
    [
      0.9898989878655396,
      0.010101010080260594,
      2.0541998451696165e-09
    ],
    [
      0.9898989329623832,
      0.010101009520024304,
      5.751759247462826e-08
    ],
    [
      0.9898973956764784,
      0.010100993833433438,
      1.6104900882387518e-06
    ],
    [
      0.9898543536095956,
      0.010100554628669328,
      4.5091761735130985e-05
    ],
    [
      0.7777502214348984,
      0.22221434898139922,
      3.54295837023915e-05
    ],
    [
      0.11111054871968794,
      0.8888843897575023,
      5.061522809752547e-06
    ],
    [
      0.0044444435446138,
      0.9955553539934899,
      2.0246189616498722e-07
    ],
    [
      0.00444441924932399,
      0.9955499118485723,
      5.668902103729577e-06
    ],
    [
      0.004443739089033493,
      0.995397555943501,
      0.00015870496746548185
    ],
    [
      0.004424778761061953,
      0.9911504424778762,
      0.004424778761061952
    ],
    [
      0.003952569169960478,
      0.885375494071146,
      0.11067193675889339
    ],
    [
      0.0009910802775024781,
      0.2220019821605548,
      0.7770069375619428
    ],
    [
      0.00014170327334561445,
      0.8887629304236927,
      0.11109536630296171
    ],
    [
      0.003952569169960479,
      0.8853754940711461,
      0.11067193675889339
    ],
    [
      0.1000000000000001,
      0.7999999999999997,
      0.10000000000000009
    ],
    [
      0.7567567567567569,
      0.21621621621621598,
      0.02702702702702703
    ],
    [
      0.9886506935687264,
      0.010088272383354338,
      0.0012610340479192936
    ],
    [
      0.7770069375619426,
      0.22200198216055478,
      0.0009910802775024777
    ],
    [
      0.9898543536095955,
      0.01010055462866933,
      4.509176173513098e-05
    ],
    [
      0.9996340755365672,
      0.0003642981324841713,
      1.626330948590052e-06
    ],
    [
      0.9898973956764783,
      0.01010099383343344,
      1.6104900882387514e-06
    ],
    [
      0.9996356432128659,
      0.00036429870379477575,
      5.808333925299364e-08
    ],
    [
      0.999986982684046,
      1.3015240820023489e-05,
      2.075134059314971e-09
    ],
    [
      0.9999995350900232,
      4.6483586409774475e-07,
      7.411286098497211e-11
    ],
    [
      0.9999999833960648,
      1.660128830309171e-08,
      2.6468890789368176e-12
    ],
    [
      0.9999999994070023,
      5.929031631747823e-10,
      9.453175433271408e-14
