{
  "observations": [
    2,
    2,
    2,
    2,
    2,
    0,
    0,
    0,
    0,
    0,
    0,
    0,
    0,
    0,
    1,
    0,
    0,
    0,
    0,
    1,
    0,
    0,
    0,
    0,
    0,
    1,
    1,
    1,
    2,
    2,
    1,
    2,
    2,
    1,
    1,
    2,
    2,
    1,
    1,
    0,
    2,
    2,
    1,
    2,
    2,
    2,
    2,
    1,
    1,
    2,
    0,
    0,
    0,
    0,
    1,
    1,
    1,
    2,
    1,
    2,
    1,
    1,
    1,
    1,
    1,
    0,
    1,
    2,
    2,
    2,
    2,
    2,
    0,
    1,
    2,
    1,
    0,
    1,
    0,
    0,
    0,
    0,
    0,
    0,
    0,
    1,
    1,
    1,
    1,
    1,
    2,
    1,
    2,
    2,
    2,
    2,
    2,
    2,
    2,
    2,
    2,
    1,
    2,
    2,
    2,
    1,
    1,
    0,
    0,
    0,
    0,
    0,
    2,
    2,
    2,
    1,
    2,
    0,
    1,
    1,
    1,
    0,
    0,
    1,
    1,
    1,
    1,
    1,
    2,
    1,
    1,
    1,
    2,
    2,
    2,
    2,
    2,
    2,
    2,
    1,
    1,
    0,
    0,
    2,
    0,
    0,
    0,
    1,
    1,
    2,
    2,
    2,
    2,
    1,
    1,
    1,
    1,
    0,
    0,
    0,
    0,
    1,
    0,
    0,
    0,
    0,
    0,
    0,
    0,
    0,
    0,
    1,
    1,
    2,
    2,
    2,
    0,
    0,
    0,
    2,
    2,
    2,
    1,
    2,
    1,
    1,
    1,
    0,
    0,
    1,
    1,
    1,
    1,
    1,
    1,
    1,
    1,
    2,
    2,
    2,
    1,
    2,
    2,
    2,
    1,
    2,
    1,
    1,
    2,
    0,
    0,
    0,
    1,
    2,
    2,
    2,
    2,
    1,
    0,
    0,
    0,
    1,
    1,
    1,
    0,
    0,
    1,
    0,
    0,
    0,
    0,
    2,
    2,
    2,
    2,
    2,
    2,
    1,
    2,
    2,
    2,
    2,
    2,
    2,
    2,
    1,
    0,
    0,
    0,
    0,
    0,
    1,
    1,
    1,
    2,
    2,
    2,
    2,
    2,
    2,
    2,
    1,
    2,
    1,
    1,
    0,
    0,
    0,
    0,
    0,
    0,
    1,
    1,
    1,
    1,
    1,
    2,
    1,
    2,
    2,
    1,
    2,
    2,
    2,
    2,
    2,
    0,
    1,
    1,
    0,
    1,
    0,
    0,
    0,
    0,
    0,
    0,
    0,
    1,
    1,
    1,
    2,
    2,
    2,
    2,
    2,
    2,
    2,
    2,
    2,
    0,
    1,
    0,
    1,
    0,
    0,
    0,
    0,
    0,
    0,
    0,
    1,
    0,
    0,
    0,
    0,
    1,
    1,
    0,
    0,
    0,
    0,
    0,
    0,
    0,
    1,
    1,
    1,
    2,
    2,
    2,
    2,
    2,
    2,
    2,
    2,
    1,
    1,
    1,
    1,
    0,
    1,
    2,
    2,
    2,
    2,
    2,
    1,
    0,
    0,
    0,
    0,
    0,
    1,
    0,
    0,
    0,
    0,
    0,
    0,
    2,
    2,
    2,
    2,
    2,
    2,
    2,
    2,
    0,
    2,
    2,
    2,
    2,
    2,
    0,
    1,
    0,
    2,
    1,
    2,
    2,
    2,
    2,
    2,
    2,
    2,
    2,
    2,
    2,
    1,
    1,
    1,
    1,
    0,
    0,
    0,
    0,
    0,
    0,
    0,
    0,
    0,
    0,
    0,
    0,
    0,
    0,
    0,
    0,
    0,
    0,
    0,
    0,
    0,
    0,
    0,
    0,
    0,
    0,
    1,
    1,
    0,
    0,
    0,
    2,
    2,
    2,
    2,
    2,
    2,
    2,
    2,
    2,
    2,
    1,
    1,
    1,
    0,
    1,
    2,
    2,
    1,
    1,
    0,
    1,
    1,
    2,
    1,
    2,
    0,
    0,
    0,
    0,
    1,
    2,
    1,
    1,
    0,
    2,
    2,
    2,
    2,
    2,
    1,
    1,
    0,
    1,
    2,
    2,
    0,
    0,
    0,
    0,
    0,
    0,
    0,
    1,
    0,
    1,
    1,
    2,
    2,
    2,
    2,
    2,
    1,
    2,
    2,
    2,
    1,
    2,
    1,
    1,
    0,
    0,
    0,
    0,
    0,
    1,
    1,
    1,
    1,
    0,
    0,
    0,
    0,
    1,
    1,
    2,
    2,
    2,
    1,
    0,
    0,
    0,
    0,
    0,
    1,
    2,
    2,
    1,
    1,
    0,
    1,
    0,
    0,
    1,
    1,
    1,
    2,
    1,
    2,
    2,
    2,
    2,
    0,
    0,
    1,
    0,
    0,
    0,
    1,
    1,
    1,
    2,
    1,
    1,
    1,
    0,
    1,
    0,
    0,
    0,
    0,
    1,
    1,
    1,
    1,
    1,
    2,
    2,
    2,
    2,
    1,
    0,
    2,
    2,
    2,
    2,
    2,
    1,
    2,
    2,
    2,
    2,
    1,
    2,
    2,
    2,
    2,
    2,
    1,
    1,
    1,
    0,
    0,
    0,
    0,
    0,
    2,
    0,
    0,
    0,
    0,
    0,
    0,
    1,
    0,
    0,
    1,
    1,
    1,
    2,
    2,
    2,
    2,
    1,
    2,
    2,
    0,
    2,
    2,
    2,
    0,
    1,
    2,
    2,
    0,
    1,
    1,
    1,
    2,
    1,
    1,
    1,
    0,
    0,
    2,
    1,
    1,
    1,
    0,
    0,
    0,
    0,
    2,
    0,
    2,
    2,
    2,
    2,
    2,
    0,
    1,
    2,
    2,
    2,
    2,
    1,
    1,
    2,
    1,
    1,
    0,
    0,
    0,
    0,
    0,
    1,
    2,
    1,
    1,
    1,
    1,
    0,
    0,
    0,
    0,
    2,
    2,
    1,
    0,
    1,
    0,
    1,
    2,
    2,
    1,
    1,
    1,
    1,
    0,
    1,
    1,
    1,
    1,
    2,
    2,
    2,
    1,
    1,
    1,
    0,
    2,
    1,
    0,
    0,
    0,
    0,
    2,
    1,
    1,
    0,
    0,
    1,
    2,
    2,
    2,
    2,
    2,
    2,
    2,
    2,
    2,
    2,
    2,
    2,
    2,
    2,
    2,
    1,
    1,
    1,
    1,
    2,
    1,
    2,
    2,
    0,
    2,
    0,
    1,
    0,
    1,
    2,
    0,
    0,
    1,
    2,
    2,
    2,
    1,
    1,
    1,
    1,
    1,
    2,
    0,
    2,
    2,
    2,
    2,
    1,
    1,
    0,
    1,
    1,
    1,
    0,
    0,
    0,
    1,
    1,
    1,
    1,
    2,
    1,
    1,
    2,
    2,
    2,
    2,
    2,
    1,
    0,
    0,
    2,
    0,
    2,
    1,
    0,
    0,
    0,
    0,
    0,
    1,
    1,
    1,
    1,
    1,
    1,
    2,
    2,
    2,
    2,
    2,
    2,
    2,
    1,
    2,
    2,
    2,
    2,
    2,
    1,
    1,
    2,
    0,
    0,
    0,
    0,
    0,
    0,
    1,
    1,
    1,
    1,
    1,
    1,
    0,
    1,
    2,
    0,
    2,
    1,
    1,
    0,
    0,
    0,
    1,
    1,
    1,
    1,
    2,
    1,
    2,
    2,
    1,
    0,
    2,
    2,
    2,
    2,
    2,
    1,
    1,
    2,
    2,
    2,
    2,
    2,
    2,
    1,
    1,
    0,
    0,
    0,
    0,
    0,
    1,
    0,
    0,
    2,
    1,
    0,
    0,
    0,
    0,
    0,
    0,
    0,
    0,
    0,
    0,
    0,
    0,
    0,
    0,
    1,
    1,
    0,
    0,
    0,
    0,
    0,
    0,
    0,
    1,
    1,
    1,
    2,
    2,
    2,
    2,
    2,
    2,
    2,
    1,
    0,
    0,
    0,
    0,
    1,
    1,
    0,
    0,
    1,
    2,
    2,
    1,
    1,
    0,
    0,
    0,
    0,
    1,
    1,
    1,
    0,
    0,
    0,
    0,
    0,
    0,
    2,
    2,
    1,
    2,
    0,
    0,
    0,
    0,
    0,
    0,
    0,
    0,
    0,
    0,
    2,
    1,
    0,
    0,
    0,
    0,
    0,
    1,
    1,
    1,
    1,
    1,
    2,
    2,
    2,
    1,
    2,
    2,
    0,
    1,
    0,
    2,
    2,
    1,
    1,
    2,
    1,
    1,
    1,
    1,
    1,
    1,
    2,
    2,
    0,
    2,
    1,
    1,
    2,
    1,
    0,
    2,
    0,
    0,
    0,
    0,
    1,
    1,
    1,
    0,
    2,
    1
  ],
  "actions": [
    1,
    2,
    1,
    2,
    2,
    1,
    1,
    1,
    2,
    0,
    2,
    0,
    1,
    1,
    2,
    1,
    0,
    1,
    0,
    0,
    0,
    2,
    1,
    1,
    1,
    2,
    1,
    0,
    0,
    1,
    2,
    0,
    2,
    1,
    0,
    2,
    0,
    2,
    0,
    0,
    1,
    0,
    0,
    2,
    1,
    1,
    2,
    1,
    0,
    2,
    1,
    0,
    2,
    0,
    2,
    2,
    0,
    2,
    0,
    2,
    0,
    0,
    1,
    1,
    1,
    2,
    0,
    1,
    2,
    2,
    0,
    2,
    0,
    1,
    2,
    2,
    0,
    2,
    1,
    1,
    1,
    2,
    1,
    0,
    2,
    0,
    2,
    1,
    2,
    0,
    2,
    1,
    1,
    2,
    1,
    0,
    2,
    0,
    0,
    2,
    2,
    0,
    2,
    2,
    1,
    1,
    2,
    0,
    1,
    1,
    0,
    0,
    0,
    0,
    0,
    1,
    2,
    0,
    0,
    0,
    1,
    1,
    2,
    0,
    2,
    0,
    2,
    0,
    1,
    1,
    1,
    0,
    0,
    1,
    1,
    1,
    2,
    1,
    1,
    2,
    2,
    2,
    1,
    2,
    2,
    2,
    2,
    1,
    2,
    2,
    0,
    0,
    2,
    1,
    1,
    0,
    2,
    0,
    0,
    2,
    0,
    2,
    0,
    0,
    2,
    0,
    2,
    2,
    2,
    2,
    2,
    1,
    0,
    1,
    0,
    2,
    1,
    1,
    0,
    0,
    1,
    1,
    2,
    0,
    2,
    1,
    2,
    2,
    0,
    2,
    0,
    2,
    1,
    0,
    0,
    2,
    0,
    2,
    2,
    2,
    0,
    0,
    1,
    2,
    0,
    0,
    1,
    0,
    2,
    2,
    2,
    0,
    2,
    2,
    1,
    2,
    0,
    2,
    2,
    0,
    0,
    1,
    1,
    2,
    1,
    0,
    0,
    0,
    1,
    1,
    0,
    1,
    2,
    1,
    0,
    1,
    0,
    1,
    2,
    2,
    1,
    2,
    1,
    0,
    2,
    2,
    2,
    0,
    2,
    2,
    0,
    2,
    1,
    2,
    2,
    1,
    0,
    2,
    0,
    2,
    0,
    0,
    2,
    2,
    0,
    2,
    2,
    2,
    2,
    0,
    2,
    1,
    2,
    2,
    1,
    1,
    0,
    2,
    2,
    2,
    0,
    1,
    2,
    0,
    2,
    0,
    2,
    0,
    1,
    2,
    2,
    0,
    0,
    1,
    2,
    2,
    2,
    1,
    2,
    0,
    0,
    0,
    2,
    0,
    2,
    2,
    0,
    0,
    1,
    2,
    0,
    2,
    0,
    2,
    0,
    2,
    2,
    1,
    2,
    1,
    2,
    0,
    2,
    1,
    2,
    2,
    2,
    2,
    0,
    1,
    0,
    1,
    0,
    1,
    2,
    1,
    2,
    0,
    0,
    2,
    0,
    1,
    1,
    2,
    2,
    2,
    1,
    2,
    1,
    2,
    0,
    0,
    0,
    2,
    1,
    1,
    2,
    2,
    0,
    2,
    0,
    2,
    0,
    2,
    2,
    1,
    2,
    0,
    2,
    0,
    1,
    0,
    2,
    1,
    1,
    0,
    1,
    2,
    0,
    2,
    2,
    2,
    1,
    2,
    0,
    2,
    0,
    1,
    0,
    2,
    1,
    1,
    1,
    0,
    0,
    0,
    1,
    0,
    2,
    2,
    1,
    2,
    2,
    0,
    0,
    0,
    0,
    0,
    1,
    0,
    2,
    0,
    0,
    0,
    2,
    2,
    0,
    2,
    1,
    0,
    2,
    0,
    1,
    1,
    0,
    0,
    1,
    0,
    1,
    2,
    1,
    1,
    1,
    0,
    1,
    0,
    1,
    0,
    2,
    0,
    0,
    1,
    0,
    2,
    2,
    2,
    1,
    1,
    2,
    0,
    2,
    2,
    2,
    2,
    1,
    1,
    1,
    2,
    2,
    0,
    2,
    0,
    0,
    0,
    1,
    2,
    0,
    0,
    0,
    0,
    0,
    1,
    2,
    1,
    2,
    1,
    0,
    2,
    2,
    1,
    0,
    2,
    1,
    2,
    0,
    0,
    1,
    0,
    2,
    0,
    0,
    0,
    1,
    2,
    0,
    0,
    2,
    0,
    2,
    2,
    2,
    1,
    2,
    0,
    2,
    2,
    0,
    2,
    2,
    0,
    2,
    0,
    0,
    0,
    0,
    0,
    0,
    0,
    0,
    0,
    0,
    2,
    0,
    1,
    2,
    2,
    0,
    0,
    1,
    0,
    1,
    2,
    0,
    0,
    2,
    2,
    0,
    2,
    2,
    2,
    0,
    0,
    1,
    2,
    1,
    2,
    0,
    0,
    0,
    2,
    2,
    1,
    2,
    0,
    0,
    2,
    2,
    2,
    0,
    0,
    0,
    2,
    1,
    0,
    0,
    1,
    0,
    1,
    0,
    0,
    1,
    2,
    1,
    0,
    0,
    0,
    1,
    0,
    0,
    0,
    0,
    2,
    1,
    1,
    2,
    0,
    1,
    0,
    0,
    2,
    2,
    2,
    1,
    2,
    2,
    1,
    0,
    2,
    1,
    1,
    1,
    1,
    2,
    1,
    1,
    0,
    0,
    2,
    0,
    0,
    0,
    0,
    0,
    2,
    1,
    2,
    0,
    1,
    1,
    2,
    0,
    2,
    2,
    2,
    0,
    0,
    1,
    2,
    0,
    1,
    0,
    2,
    0,
    2,
    2,
    1,
    0,
    2,
    2,
    2,
    0,
    1,
    1,
    0,
    2,
    1,
    0,
    2,
    2,
    2,
    0,
    0,
    2,
    2,
    0,
    1,
    2,
    0,
    0,
    0,
    2,
    2,
    1,
    2,
    0,
    2,
    2,
    0,
    0,
    0,
    1,
    1,
    2,
    1,
    2,
    2,
    2,
    0,
    0,
    0,
    1,
    2,
    2,
    0,
    0,
    2,
    0,
    2,
    0,
    1,
    2,
    0,
    0,
    0,
    1,
    0,
    0,
    2,
    1,
    2,
    1,
    1,
    1,
    1,
    0,
    0,
    2,
    2,
    0,
    1,
    1,
    0,
    2,
    1,
    0,
    0,
    1,
    1,
    1,
    0,
    1,
    0,
    2,
    0,
    0,
    1,
    0,
    2,
    1,
    1,
    1,
    2,
    2,
    0,
    1,
    0,
    2,
    0,
    1,
    0,
    1,
    2,
    2,
    1,
    1,
    2,
    2,
    0,
    2,
    2,
    2,
    1,
    0,
    2,
    0,
    0,
    2,
    2,
    0,
    0,
    1,
    0,
    1,
    2,
    2,
    1,
    0,
    0,
    0,
    1,
    0,
    1,
    2,
    2,
    1,
    2,
    1,
    2,
    1,
    2,
    1,
    1,
    2,
    2,
    2,
    2,
    1,
    0,
    2,
    2,
    2,
    2,
    1,
    1,
    0,
    0,
    0,
    1,
    0,
    2,
    2,
    2,
    0,
    1,
    2,
    2,
    0,
    1,
    0,
    2,
    1,
    0,
    2,
    2,
    0,
    0,
    2,
    1,
    2,
    2,
    2,
    2,
    2,
    2,
    0,
    1,
    2,
    0,
    2,
    1,
    2,
    2,
    1,
    0,
    2,
    0,
    1,
    0,
    0,
    2,
    0,
    2,
    2,
    0,
    1,
    2,
    2,
    2,
    0,
    0,
    2,
    2,
    0,
    2,
    1,
    2,
    2,
    2,
    2,
    0,
    2,
    0,
    0,
    2,
    2,
    2,
    2,
    2,
    2,
    1,
    2,
    2,
    0,
    2,
    2,
    1,
    1,
    2,
    0,
    0,
    2,
    2,
    1,
    0,
    0,
    2,
    2,
    1,
    1,
    0,
    0,
    2,
    2,
    2,
    2,
    2,
    0,
    2,
    0,
    2,
    1,
    2,
    2,
    0,
    2,
    0,
    2,
    2,
    2,
    1,
    0,
    2,
    1,
    2,
    2,
    2,
    2,
    0,
    0,
    0,
    2,
    1,
    2,
    0,
    0,
    1,
    1,
    0,
    1,
    1,
    2,
    2,
    2,
    0,
    1,
    2,
    1,
    2,
    2,
    0,
    2,
    2,
    1,
    1,
    0,
    2,
    1,
    0,
    2,
    0,
    1,
    1,
    0,
    0,
    1,
    2,
    2,
    1,
    0,
    0,
    0,
    2,
    2,
    2,
    2,
    2,
    1,
    1,
    2,
    0,
    1,
    1,
    0,
    2,
    0,
    1,
    0,
    0,
    0,
    0,
    0,
    2,
    0,
    2,
    2,
    2,
    0,
    2,
    0,
    0,
    1,
    2,
    0,
    0,
    1,
    0,
    2,
    0,
    1,
    0
  ],
  "beliefs": [
    [
      0.02702702702702703,
      0.21621621621621623,
      0.7567567567567568
    ],
    [
      0.0012610340479192938,
      0.01008827238335435,
      0.9886506935687264
    ],
    [
      4.553526706434133e-05,
      0.0003642821365147306,
      0.9995901825964209
    ],
    [
      1.6269024590630669e-06,
      1.3015219672504535e-05,
      0.9999853578778685
    ],
    [
      5.8104479640393694e-08,
      4.6483583712314955e-07,
      0.9999994770596833
    ],
    [
      1.6269228775803282e-06,
      4.6483510788009377e-07,
      0.9999979082420145
    ],
    [
      4.555183962033936e-05,
      4.6481469000346273e-07,
      0.9999539833456896
    ],
    [
      0.0012738847589252014,
      4.642437168094756e-07,
      0.9987256509973579
    ],
    [
      0.03448274314458454,
      4.4880704842493403e-07,
      0.965516808048367
    ],
    [
      0.499999883791007,
      2.3241798608420544e-07,
      0.499999883791007
    ],
    [
      0.9655172259031984,
      1.6028830094961995e-08,
      0.034482758067971374
    ],
    [
      0.9987261140582879,
      5.921478725215602e-10,
      0.0012738853495641428
    ],
    [
      0.9999544481180334,
      2.1174148416837517e-11,
      4.555186079254889e-05
    ],
    [
      0.9999983730756099,
      7.562528047420349e-13,
      1.626923633830321e-06
    ],
    [
      0.9999983730551911,
      2.1175078532344608e-11,
      1.626923633797101e-06
    ],
    [
      0.9999999418947371,
      7.562539911678302e-13,
      5.810450664940673e-08
    ],
    [
      0.9999999979248119,
      2.7009072626457157e-14,
      2.0751610680359565e-09
    ],
    [
      0.9999999999258862,
      9.6460973858944e-16,
      7.411289543530386e-11
    ],
    [
      0.9999999999973531,
      3.445034780922777e-17,
      2.6468891228785884e-12
    ],
    [
      0.9999999999973521,
      9.646097386583767e-16,
      2.6468891228785856e-12
    ],
    [
      0.9999999999999054,
      3.4450347809315704e-17,
      9.453175438876229e-14
    ],
    [
      0.9999999999999967,
      1.2303695646185302e-18,
      3.3761340853132468e-15
    ],
    [
      0.9999999999999999,
      4.394177016494765e-20,
      1.2057621733261633e-16
    ],
    [
      1.0,
      1.5693489344624162e-21,
      4.306293476164869e-18
    ],
    [
      1.0,
      5.604817623080058e-23,
      1.5379619557731673e-19
    ],
    [
      1.0,
      1.5693489344624162e-21,
      1.5379619557731673e-19
    ],
    [
      1.0,
      4.3941770164947655e-20,
      1.5379619557731673e-19
    ],
    [
      1.0,
      1.2303695646185344e-18,
      1.5379619557731673e-19
    ],
    [
      1.0,
      1.2303695646185344e-18,
      4.306293476164869e-18
    ],
    [
      0.9999999999999998,
      1.230369564618534e-18,
      1.2057621733261633e-16
    ],
    [
      0.9999999999999998,
      3.445034780931896e-17,
      1.2057621733261633e-16
    ],
    [
      0.9999999999999967,
      3.4450347809318854e-17,
      3.376134085313247e-15
    ],
    [
      0.9999999999999055,
      3.445034780931571e-17,
      9.45317543887623e-14
    ],
    [
      0.9999999999999044,
      9.64609738660839e-16,
      9.45317543887622e-14
    ],
    [
      0.9999999999998784,
      2.700907268250279e-14,
      9.453175438875974e-14
    ],
    [
      0.9999999999973261,
      2.7009072682433853e-14,
      2.646889122878517e-12
    ],
    [
      0.9999999999258602,
      2.700907268050362e-14,
      7.411289543530192e-11
    ],
    [
      0.9999999999251309,
      7.562540350535499e-13,
      7.411289543524789e-11
    ],
    [
      0.9999999999047121,
      2.1175112981067026e-11,
      7.411289543373458e-11
    ],
    [
      0.9999999999965967,
      7.562540351075962e-13,
      2.6468891228765863e-12
    ],
    [
      0.9999999999251309,
      7.5625403505355e-13,
      7.411289543524789e-11
    ],
    [
      0.9999999979240827,
      7.562540335402491e-13,
      2.0751610680344436e-09
    ],
    [
      0.9999999979036638,
      2.1175112938694605e-11,
      2.0751610679920713e-09
    ],
    [
      0.9999999418743182,
      2.117511175226688e-11,
      5.810450664822032e-08
    ],
    [
      0.9999983730551911,
      2.1175078532344617e-11,
      1.6269236337971017e-06
    ],
    [
      0.9999544481180332,
      2.1174148416837526e-11,
      4.55518607925489e-05
    ],
    [
      0.9987261146285604,
      2.1148138316417035e-11,
      0.0012738853502915317
    ],
    [
      0.9987261140582882,
      5.921478725215607e-10,
      0.0012738853495641435
    ],
    [
      0.9987260980906626,
      1.658014016552054e-08,
      0.0012738853291972742
    ],
    [
      0.9655172259031984,
      1.6028830094962008e-08,
      0.034482758067971395
    ],
    [
      0.9987261140582879,
      5.921478725215606e-10,
      0.0012738853495641435
    ],
    [
      0.9999544481180334,
      2.117414841683753e-11,
      4.555186079254892e-05
    ],
    [
      0.9999983730756099,
      7.562528047420353e-13,
      1.6269236338303222e-06
    ],
    [
      0.9999999418954664,
      2.7009071113156502e-14,
      5.8104506649449156e-08
    ],
    [
      0.9999999418947371,
      7.562539911678306e-13,
      5.8104506649406785e-08
    ],
    [
      0.9999999418743183,
      2.1175111752266887e-11,
      5.8104506648220356e-08
    ],
    [
      0.9999999413025902,
      5.929031287244935e-10,
      5.810450661500038e-08
    ],
    [
      0.9999983724834648,
      5.92902198566671e-10,
      1.626923632866946e-06
    ],
    [
      0.9999983564751318,
      1.6601261294107833e-08,
      1.6269236068225686e-06
    ],
    [
      0.9999544315394306,
      1.660053208357446e-08,
      4.555186003732834e-05
    ],
    [
      0.9999539833456897,
      4.648146900034631e-07,
      4.555183962033941e-05
    ],
    [
      0.9999414340840617,
      1.3014647986308595e-05,
      4.5551267952080105e-05
    ],
    [
      0.9995901825964207,
      0.00036428213651473073,
      4.553526706434136e-05
    ],
    [
      0.9898543536095955,
      0.010100554628669345,
      4.5091761735131026e-05
    ],
    [
      0.777750221434898,
      0.22221434898139955,
      3.5429583702391525e-05
    ],
    [
      0.9898973956764783,
      0.010100993833433457,
      1.6104900882387535e-06
    ],
    [
      0.7777767935890508,
      0.2222219410254432,
      1.2653855060213382e-06
    ],
    [
      0.777750221434898,
      0.22221434898139958,
      3.542958370239153e-05
    ],
    [
      0.7770069375619425,
      0.22200198216055514,
      0.0009910802775024788
    ],
    [
      0.7567567567567567,
      0.21621621621621634,
      0.027027027027027056
    ],
    [
      0.4374999999999997,
      0.125,
      0.4375000000000002
    ],
    [
      0.034146341463414595,
      0.009756097560975605,
      0.9560975609756098
    ],
    [
      0.49746192893400987,
      0.005076142131979696,
      0.49746192893401053
    ],
    [
      0.4374999999999998,
      0.125,
      0.43750000000000033
    ],
    [
      0.03414634146341459,
      0.009756097560975603,
      0.9560975609756098
    ],
    [
      0.02702702702702699,
      0.21621621621621606,
      0.7567567567567569
    ],
    [
      0.4374999999999997,
      0.12499999999999999,
      0.4375000000000004
    ],
    [
      0.09999999999999994,
      0.8,
      0.1000000000000001
    ],
    [
      0.7567567567567566,
      0.21621621621621628,
      0.027027027027027063
    ],
    [
      0.9886506935687264,
      0.010088272383354354,
      0.0012610340479192956
    ],
    [
      0.9995901825964209,
      0.00036428213651473073,
      4.553526706434139e-05
    ],
    [
      0.9999853578778685,
      1.3015219672504538e-05,
      1.626902459063069e-06
    ],
    [
      0.9999994770596833,
      4.6483583712314966e-07,
      5.810447964039377e-08
    ],
    [
      0.9999999813235506,
      1.6601288268685326e-08,
      2.0751610335856682e-09
    ],
    [
      0.999999999332984,
      5.929031631308974e-10,
      7.411289539136226e-11
    ],
    [
      0.999999983324599,
      1.660128830190531e-08,
      7.41128942049345e-11
    ],
    [
      0.999999535090023,
      4.648358640977454e-07,
      7.411286098497223e-11
    ],
    [
      0.999986984685042,
      1.3015240846067292e-05,
      7.411193083812013e-11
    ],
    [
      0.9996357012009865,
      0.0003642987249274734,
      7.408589620199626e-11
    ],
    [
      0.9898989898263666,
      0.01010101010026905,
      7.336428032995183e-11
    ],
    [
      0.9898989878655395,
      0.010101010080260611,
      2.0541998451696194e-09
    ],
    [
      0.7777777765224333,
      0.22222222186355245,
      1.6140141647723094e-09
    ],
    [
      0.7777777426281375,
      0.22222221217946792,
      4.519239464421321e-08
    ],
    [
      0.7777767935890509,
      0.22222194102544318,
      1.2653855060213386e-06
    ],
    [
      0.7777502214348981,
      0.22221434898139952,
      3.5429583702391545e-05
    ],
    [
      0.7770069375619424,
      0.22200198216055503,
      0.000991080277502479
    ],
    [
      0.7567567567567568,
      0.21621621621621628,
      0.027027027027027067
    ],
    [
      0.4374999999999998,
      0.12499999999999996,
      0.4375000000000004
    ],
    [
      0.03414634146341459,
      0.009756097560975598,
      0.9560975609756098
    ],
    [
      0.0012734218664726196,
      0.00036383481899217703,
      0.9983627433145352
    ],
    [
      4.5551267952079997e-05,
      1.301464798630857e-05,
      0.9999414340840617
    ],
    [
      4.553526706434126e-05,
      0.0003642821365147301,
      0.999590182596421
    ],
    [
      1.6269024590630641e-06,
      1.3015219672504513e-05,
      0.9999853578778685
    ],
    [
      5.8104479640393594e-08,
      4.6483583712314876e-07,
      0.9999994770596833
    ],
    [
      2.0751610335856616e-09,
      1.6601288268685293e-08,
      0.9999999813235506
    ],
    [
      2.0751601034267224e-09,
      4.6483586316758584e-07,
      0.9999995330889767
    ],
    [
      2.075134059314968e-09,
      1.301524082002348e-05,
      0.9999869826840458
    ],
    [
      5.810375040534617e-08,
      1.3015240090797544e-05,
      0.9999869266561587
    ],
    [
      1.6269024590630635e-06,
      1.301521967250451e-05,
      0.9999853578778684
    ],
    [
      4.5551267952079976e-05,
      1.3014647986308565e-05,
      0.9999414340840616
    ],
    [
      0.0012738687915144714,
      1.299866113790277e-05,
      0.9987131325473476
    ],
    [
      0.03448232529499723,
      1.256644507835176e-05,
      0.9655051082599243
    ],
    [
      0.001273884758925199,
      4.642437168094749e-07,
      0.998725650997358
    ],
    [
      4.55518600373282e-05,
      1.6600532083574415e-08,
      0.9999544315394305
    ],
    [
      1.6269236328669418e-06,
      5.929021985666698e-10,
      0.999998372483465
    ],
    [
      1.626923606822564e-06,
      1.6601261294107797e-08,
      0.9999983564751318
    ],
    [
      5.810450661500023e-08,
      5.929031287244921e-10,
      0.9999999413025902
    ],
    [
      1.6269236328669423e-06,
      5.929021985666699e-10,
      0.999998372483465
    ],
    [
      1.6269236068225644e-06,
      1.66012612941078e-08,
      0.9999983564751318
    ],
    [
      1.626922877580326e-06,
      4.6483510788009324e-07,
      0.9999979082420144
    ],
    [
      1.6269024590630643e-06,
      1.3015219672504518e-05,
      0.9999853578778685
    ],
    [
      4.5551267952079997e-05,
      1.3014647986308573e-05,
      0.9999414340840616
    ],
    [
      0.001273868791514472,
      1.299866113790278e-05,
      0.9987131325473476
    ],
    [
      0.0012734218664726196,
      0.00036383481899217714,
      0.9983627433145352
    ],
    [
      0.0012610340479192919,
      0.010088272383354338,
      0.9886506935687263
    ],
    [
      0.0009910802775024766,
      0.22200198216055486,
      0.7770069375619427
    ],
    [
      0.0001417032733456142,
      0.8887629304236927,
      0.11109536630296168
    ],
    [
      5.668902103729567e-06,
      0.9955499118485722,
      0.0044444192493239875
    ],
    [
      5.061522809752539e-06,
      0.8888843897575024,
      0.11111054871968791
    ],
    [
      2.0246189616498685e-07,
      0.9955553539934899,
      0.004444443544613799
    ],
    [
      7.261905871074427e-09,
      0.9998405793804123,
      0.0001594133576818261
    ],
    [
      2.593936569252514e-10,
      0.9999943055310496,
      5.694209556823129e-06
    ],
    [
      2.5935378292593927e-10,
      0.9998405863818479,
      0.0001594133587981264
    ],
    [
      2.5824226671368655e-10,
      0.995555555298461,
      0.0044444444432967046
    ],
    [
      2.3057345242931412e-10,
      0.8888888886839347,
      0.11111111108549193
    ],
    [
      5.764336311729677e-11,
      0.2222222222094124,
      0.7777777777329441
    ],
    [
      2.620152869112204e-12,
      0.010101010100983625,
      0.9898989898963961
    ],
    [
      9.449731659117061e-14,
      0.0003642987249544279,
      0.999635701274951
    ],
    [
      3.3760901441149888e-15,
      1.3015240847031819e-05,
      0.9999869847591496
    ],
    [
      3.3749041639706865e-15,
      0.00036429872495446114,
      0.9996357012750422
    ],
    [
      3.342031720815128e-15,
      0.01010101010101006,
      0.9898989898989866
    ],
    [
      9.357688818281517e-14,
      0.010101010101009151,
      0.9898989898988974
    ],
    [
      2.6201528691122047e-12,
      0.010101010100983632,
      0.9898989898963962
    ],
    [
      9.449731659117064e-14,
      0.00036429872495442813,
      0.999635701274951
    ],
    [
      2.6459248645460273e-12,
      0.0003642987249534987,
      0.9996357012724006
    ],
    [
      7.408589620199608e-11,
      0.00036429872492747323,
      0.9996357012009867
    ],
    [
      2.0744050895064175e-09,
      0.0003642987241987595,
      0.999635699201396
    ],
    [
      2.054199845169614e-09,
      0.010101010080260606,
      0.9898989878655394
    ],
    [
      1.6140141647723059e-09,
      0.22222222186355242,
      0.7777777765224335
    ],
    [
      7.336428032995165e-11,
      0.010101010100269047,
      0.9898989898263667
    ],
    [
      2.6459248645460273e-12,
      0.0003642987249534987,
      0.9996357012724005
    ],
    [
      9.453052403521111e-14,
      1.3015240847030641e-05,
      0.9999869847590583
    ],
    [
      3.376132515965038e-15,
      4.6483586413219395e-07,
      0.9999995351641325
    ],
    [
      3.3760901441149907e-15,
      1.3015240847031829e-05,
      0.9999869847591497
    ],
    [
      3.3749041639706873e-15,
      0.00036429872495446136,
      0.9996357012750422
    ],
    [
      3.342031720815129e-15,
      0.010101010101010065,
      0.9898989898989866
    ],
    [
      2.6258820663547463e-15,
      0.2222222222222216,
      0.7777777777777758
    ],
    [
      7.352469785792768e-14,
      0.22222222222220583,
      0.7777777777777206
    ],
    [
      2.058691540017888e-12,
      0.22222222222176471,
      0.7777777777761766
    ],
    [
      5.764336311729678e-11,
      0.22222222220941254,
      0.7777777777329441
    ],
    [
      1.6140141647723056e-09,
      0.2222222218635524,
      0.7777777765224335
    ],
    [
      2.3057345242931407e-10,
      0.8888888886839347,
      0.11111111108549185
    ],
    [
      6.456056627828723e-09,
      0.888888883150172,
      0.11111111039377151
    ],
    [
      1.8076955406862536e-07,
      0.8888887282048409,
      0.11111109102560512
    ],
    [
      5.061522809752537e-06,
      0.8888843897575024,
      0.11111054871968781
    ],
    [
      0.00014170327334561415,
      0.8887629304236928,
      0.1110953663029616
    ],
    [
      0.003952569169960471,
      0.8853754940711462,
      0.11067193675889328
    ],
    [
      0.09999999999999994,
      0.8000000000000002,
      0.10000000000000002
    ],
    [
      0.7567567567567566,
      0.21621621621621634,
      0.027027027027027042
    ],
    [
      0.9886506935687264,
      0.010088272383354357,
      0.0012610340479192947
    ],
    [
      0.9995901825964209,
      0.00036428213651473084,
      4.5535267064341355e-05
    ],
    [
      0.9898543536095955,
      0.010100554628669349,
      4.509176173513102e-05
    ],
    [
      0.7777502214348979,
      0.22221434898139958,
      3.542958370239151e-05
    ],
    [
      0.7770069375619424,
      0.22200198216055514,
      0.0009910802775024783
    ],
    [
      0.7567567567567567,
      0.21621621621621634,
      0.027027027027027046
    ],
    [
      0.4374999999999998,
      0.12500000000000003,
      0.4375000000000001
    ],
    [
      0.9560975609756097,
      0.009756097560975617,
      0.03414634146341466
    ],
    [
      0.9983627433145352,
      0.0003638348189921778,
      0.0012734218664726224
    ],
    [
      0.9999414340840617,
      1.3014647986308597e-05,
      4.55512679520801e-05
    ],
    [
      0.9987131325473474,
      1.29986611379028e-05,
      0.0012738687915144747
    ],
    [
      0.9655051082599243,
      1.2566445078351791e-05,
      0.034482325294997326
    ],
    [
      0.49999674616861334,
      6.507662772915109e-06,
      0.4999967461686138
    ],
    [
      0.4999089087265438,
      0.00018218254691200583,
      0.4999089087265442
    ],
    [
      0.03448232529499727,
      1.256644507835178e-05,
      0.9655051082599244
    ],
    [
      0.03447062961660215,
      0.0003517411185367568,
      0.9651776292648611
    ],
    [
      0.034146341463414595,
      0.009756097560975605,
      0.9560975609756097
    ],
    [
      0.027027027027027,
      0.21621621621621612,
      0.7567567567567568
    ],
    [
      0.4374999999999997,
      0.12499999999999999,
      0.4375000000000002
    ],
    [
      0.9560975609756097,
      0.009756097560975613,
      0.03414634146341467
    ],
    [
      0.7567567567567567,
      0.21621621621621628,
      0.027027027027027056
    ],
    [
      0.11067193675889324,
      0.8853754940711464,
      0.0039525691699604775
    ],
    [
      0.004443739089033484,
      0.995397555943501,
      0.00015870496746548177
    ],
    [
      0.000159412451251103,
      0.9998348942469185,
      5.693301830396543e-06
    ],
    [
      5.6942084002995935e-06,
      0.9999941024270139,
      2.0336458572498574e-07
    ],
    [
      2.033657422548537e-07,
      0.9999997893711955,
      7.263062223387642e-09
    ],
    [
      7.263063698561969e-09,
      0.9999999924775411,
      2.5939513209149927e-10
    ],
    [
      2.593951339730992e-10,
      0.9999999997313407,
      9.264111927610698e-12
    ],
    [
      2.593951339082164e-10,
      0.9999999994812095,
      2.5939513390821676e-10
    ],
    [
      2.593951320914989e-10,
      0.9999999924775411,
      7.2630636985619795e-09
    ],
    [
      2.5939508122341797e-10,
      0.9999997963748611,
      2.0336574367915995e-07
    ],
    [
      9.264111862727918e-12,
      0.9999999927276721,
      7.263063700378697e-09
    ],
    [
      9.264110046010742e-12,
      0.9999997966249923,
      2.033657437300281e-07
    ],
    [
      9.264059178219053e-12,
      0.9999943057811778,
      5.694209558247418e-06
    ],
    [
      9.26263510681434e-12,
      0.9998405866318995,
      0.0001594133588379943
    ],
    [
      3.308592563679218e-13,
      0.9999943057901108,
      5.694209558298285e-06
    ],
    [
      3.3080839667489546e-13,
      0.9998405866408299,
      0.00015941335883941818
    ],
    [
      1.1816402013143836e-14,
      0.9999943057904299,
      5.694209558300103e-06
    ],
    [
      4.2201667484040457e-16,
      0.9999997966342559,
      2.0336574373191197e-07
    ],
    [
      4.2201435761228457e-16,
      0.9999943057904412,
      5.694209558300166e-06
    ],
    [
      1.1816402013143833e-14,
      0.9999943057904299,
      5.694209558300101e-06
    ],
    [
      3.308592563679218e-13,
      0.999994305790111,
      5.694209558298285e-06
    ],
    [
      9.264059178219051e-12,
      0.9999943057811778,
      5.694209558247416e-06
    ],
    [
      3.308610730747678e-13,
      0.9999997966339255,
      2.0336574373184474e-07
    ],
    [
      3.308592563679218e-13,
      0.999994305790111,
      5.694209558298286e-06
    ],
    [
      3.308083966748954e-13,
      0.9998405866408299,
      0.00015941335883941815
    ],
    [
      3.29390646403432e-13,
      0.9955555555552277,
      0.004444444444442985
    ],
    [
      2.940987914316461e-13,
      0.8888888888886275,
      0.11111111111107853
    ],
    [
      1.1763951657269164e-14,
      0.9955555555555439,
      0.004444444444444396
    ],
    [
      3.2939064640343197e-13,
      0.9955555555552277,
      0.004444444444442984
    ],
    [
      9.222938099214068e-12,
      0.9955555555463735,
      0.004444444444403456
    ],
    [
      2.5824226671368666e-10,
      0.9955555552984612,
      0.004444444443296705
    ],
    [
      9.262635106814335e-12,
      0.9998405866318993,
      0.00015941335883799427
    ],
    [
      3.308592563679217e-13,
      0.9999943057901108,
      5.694209558298285e-06
    ],
    [
      1.1816466895531189e-14,
      0.9999997966342445,
      2.0336574373190965e-07
    ],
    [
      3.308610730747677e-13,
      0.9999997966339254,
      2.0336574373184477e-07
    ],
    [
      9.264110046010737e-12,
      0.9999997966249922,
      2.0336574373002804e-07
    ],
    [
      3.3086113795752404e-13,
      0.9999999927366054,
      7.26306370044358e-09
    ],
    [
      9.264111862727915e-12,
      0.9999999927276723,
      7.263063700378696e-09
    ],
    [
      2.593951320914988e-10,
      0.9999999924775411,
      7.263063698561978e-09
    ],
    [
      7.263063647693877e-09,
      0.9999999854738727,
      7.263063647693888e-09
    ],
    [
      2.0336574225485367e-07,
      0.9999997893711955,
      7.263062223387642e-09
    ],
    [
      2.0336570237429446e-07,
      0.9999995932685954,
      2.0336570237429478e-07
    ],
    [
      2.0336458572498545e-07,
      0.9999941024270139,
      5.694208400299602e-06
    ],
    [
      2.0333332452222246e-07,
      0.99984038334025,
      0.00015941332642542268
    ],
    [
      2.0246189616498687e-07,
      0.99555535399349,
      0.004444443544613799
    ],
    [
      1.807695540686254e-07,
      0.8888887282048407,
      0.11111109102560518
    ],
    [
      4.51923946442131e-08,
      0.22222221217946767,
      0.7777777426281376
    ],
    [
      6.456056627828726e-09,
      0.8888888831501718,
      0.11111111039377158
    ],
    [
      1.6140141647723056e-09,
      0.22222222186355223,
      0.7777777765224336
    ],
    [
      7.336428032995164e-11,
      0.010101010100269037,
      0.9898989898263667
    ],
    [
      2.645924864546027e-12,
      0.0003642987249534983,
      0.9996357012724005
    ],
    [
      9.45305240352111e-14,
      1.3015240847030628e-05,
      0.9999869847590583
    ],
    [
      3.3761325159650374e-15,
      4.648358641321935e-07,
      0.9999995351641325
    ],
    [
      1.2057621533089564e-16,
      1.660128830313565e-08,
      0.9999999833987117
    ],
    [
      4.306293473611649e-18,
      5.929031631748383e-10,
      0.9999999994070968
    ],
    [
      4.306293404674844e-18,
      1.660128830313565e-08,
      0.9999999833987115
    ],
    [
      1.2057621533089564e-16,
      1.660128830313565e-08,
      0.9999999833987115
    ],
    [
      3.376134029265067e-15,
      1.66012883031356e-08,
      0.9999999833987084
    ],
    [
      9.453175281941326e-14,
      1.6601288303134083e-08,
      0.9999999833986173
    ],
    [
      2.6468890789368156e-12,
      1.6601288303091712e-08,
      0.9999999833960649
    ],
    [
      7.411289420493427e-11,
      1.660128830190528e-08,
      0.9999999833245987
    ],
    [
      7.411286098497203e-11,
      4.6483586409774464e-07,
      0.999999535090023
    ],
    [
      7.411193083811994e-11,
      1.3015240846067272e-05,
      0.999986984685042
    ],
    [
      7.408589620199607e-11,
      0.00036429872492747275,
      0.9996357012009865
    ],
    [
      2.646854672979156e-12,
      1.3015240846997407e-05,
      0.9999869847565062
    ],
    [
      9.453171044701243e-14,
      4.6483586413215096e-07,
      0.9999995351640414
    ],
    [
      3.3761340292650668e-15,
      1.660128830313559e-08,
      0.9999999833987083
    ],
    [
      1.2057621726112616e-16,
      5.92903163174838e-10,
      0.9999999994070967
    ],
    [
      4.306293476073678e-18,
      2.1175112982636336e-11,
      0.9999999999788249
    ],
    [
      1.5379619557720024e-19,
      7.562540351095966e-13,
      0.9999999999992437
    ],
    [
      5.4927212706183e-21,
      2.700907268250529e-14,
      0.999999999999973
    ],
    [
      5.492721270614294e-21,
      7.562540351095966e-13,
      0.9999999999992437
    ],
    [
      1.9616861680779643e-22,
      2.700907268250529e-14,
      0.999999999999973
    ],
    [
      1.9616861680765337e-22,
      7.562540351095966e-13,
      0.9999999999992437
    ],
    [
      1.9616861680364783e-22,
      2.1175112982636333e-11,
      0.9999999999788248
    ],
    [
      5.492721270502139e-21,
      2.1175112982636333e-11,
      0.9999999999788248
    ],
    [
      1.537961955740599e-19,
      2.1175112982636333e-11,
      0.9999999999788248
    ],
    [
      4.306293476073677e-18,
      2.1175112982636333e-11,
      0.9999999999788248
    ],
    [
      1.2057621733006296e-16,
      2.1175112982636333e-11,
      0.9999999999788248
    ],
    [
      3.376134085241752e-15,
      2.1175112982636262e-11,
      0.9999999999788215
    ],
    [
      9.453175438676044e-14,
      2.1175112982634333e-11,
      0.9999999999787303
    ],
    [
      9.453175433271399e-14,
      5.92903163174782e-10,
      0.9999999994070022
    ],
    [
      9.453175281941325e-14,
