{
  "pymdp_agent_integration": {
    "agent_creation_successful": false,
    "sequential_simulation_completed": false,
    "timesteps_simulated": 0,
    "sequential_accuracy": 0.0,
    "methods_demonstrated": [
      "Agent.infer_states",
      "sequential_belief_updates",
      "temporal_patterns"
    ],
    "main_example_patterns_followed": [
      "building_up_agent_loop.ipynb",
      "agent_demo.py",
      "tmaze_demo.ipynb"
    ]
  },
  "basic_sequential": {
    "observations": [
      0,
      0,
      1,
      2,
      2,
      2,
      0
    ],
    "belief_evolution": [
      [
        0.3333333333333333,
        0.3333333333333333,
        0.3333333333333333
      ],
      [
        0.8,
        0.15000000000000008,
        0.050000000000000065
      ],
      [
        0.9624060150375939,
        0.03383458646616545,
        0.003759398496240619
      ],
      [
        0.7781155015197562,
        0.21884498480243203,
        0.0030395136778116425
      ],
      [
        0.8519134775374358,
        0.11980033277870233,
        0.028286189683861936
      ],
      [
        0.739350180505405,
        0.05198555956678654,
        0.20866425992780843
      ],
      [
        0.29119863500638543,
        0.010237452011943314,
        0.6985639129816712
      ],
      [
        0.8646594717259868,
        0.005699659603662606,
        0.12964086867035066
      ]
    ],
    "A_matrix": [
      [
        0.8,
        0.15,
        0.05
      ],
      [
        0.1,
        0.8,
        0.1
      ],
      [
        0.1,
        0.05,
        0.85
      ]
    ],
    "vfe_metrics": [
      {
        "vfe": 1.0986122886681093,
        "complexity": 0.48574283620616016,
        "accuracy": -0.6128694524619492,
        "info_gain": 0.48574283620616016
      },
      {
        "vfe": 0.4079682383262826,
        "complexity": 0.11776312075498731,
        "accuracy": -0.2902051175712953,
        "info_gain": 0.11776312075498731
      },
      {
        "vfe": 2.09002365101037,
        "complexity": 0.24251391060279587,
        "accuracy": -1.8475097404075742,
        "info_gain": 0.24251391060279587
      },
      {
        "vfe": 2.3931950897841525,
        "complexity": 0.06810505133107808,
        "accuracy": -2.3250900384530744,
        "info_gain": 0.06810505133107808
      },
      {
        "vfe": 2.1608717894677465,
        "complexity": 0.26880837463264684,
        "accuracy": -1.8920634148350997,
        "info_gain": 0.26880837463264684
      },
      {
        "vfe": 1.3708190558673792,
        "complexity": 0.5561108950867659,
        "accuracy": -0.8147081607806133,
        "info_gain": 0.5561108950867659
      },
      {
        "vfe": 1.3114736775973257,
        "complexity": 0.7193482200104224,
        "accuracy": -0.5921254575869034,
        "info_gain": 0.7193482200104224
      }
    ]
  },
  "evidence_accumulation": {
    "sequences": [
      [
        "Consistent A",
        [
          [
            0.3333333333333333,
            0.3333333333333333,
            0.3333333333333333
          ],
          [
            0.6666666666666667,
            0.25,
            0.08333333333333334
          ],
          [
            0.864864864864865,
            0.12162162162162161,
            0.013513513513513516
          ],
          [
            0.9481481481481482,
            0.04999999999999999,
            0.001851851851851852
          ],
          [
            0.9803733843944471,
            0.019387266634753462,
            0.00023934897079942556
          ],
          [
            0.9926087483339391,
            0.007360959651035982,
            3.029201502483945e-05
          ]
        ]
      ],
      [
        "Consistent C",
        [
          [
            0.3333333333333333,
            0.3333333333333333,
            0.3333333333333333
          ],
          [
            0.11111111111111112,
            0.38888888888888884,
            0.5
          ],
          [
            0.029850746268656723,
            0.36567164179104467,
            0.6044776119402985
          ],
          [
            0.00740740740740741,
            0.3175925925925925,
            0.675
          ],
          [
            0.0017821341055914467,
            0.2674314992203162,
            0.7307863666740924
          ],
          [
            0.00042167404596247127,
            0.22147111532785144,
            0.778107210626186
          ]
        ]
      ],
      [
        "Mixed",
        [
          [
            0.3333333333333333,
            0.3333333333333333,
            0.3333333333333333
          ],
          [
            0.6666666666666667,
            0.25,
            0.08333333333333334
          ],
          [
            0.3478260869565218,
            0.4565217391304347,
            0.1956521739130435
          ],
          [
            0.6400000000000001,
            0.3149999999999999,
            0.045
          ],
          [
            0.3290488431876608,
            0.5668380462724935,
            0.10411311053984579
          ],
          [
            0.5932792584009272,
            0.38325608342989553,
            0.023464658169177297
          ]
        ]
      ],
      [
        "Early A",
        [
          [
            0.3333333333333333,
            0.3333333333333333,
            0.3333333333333333
          ],
          [
            0.6666666666666667,
            0.25,
            0.08333333333333334
          ],
          [
            0.864864864864865,
            0.12162162162162161,
            0.013513513513513516
          ],
          [
            0.6400000000000001,
            0.31499999999999995,
            0.045000000000000005
          ],
          [
            0.32904884318766076,
            0.5668380462724935,
            0.10411311053984577
          ],
          [
            0.1182994454713494,
            0.7132624768946394,
            0.1684380776340111
          ]
        ]
      ],
      [
        "Late A",
        [
          [
            0.3333333333333333,
            0.3333333333333333,
            0.3333333333333333
          ],
          [
            0.11111111111111112,
            0.38888888888888884,
            0.5
          ],
          [
            0.029850746268656723,
            0.36567164179104467,
            0.6044776119402985
          ],
          [
            0.00740740740740741,
            0.3175925925925925,
            0.675
          ],
          [
            0.035126234906695954,
            0.5647639956092204,
            0.4001097694840835
          ],
          [
            0.11829944547134943,
            0.7132624768946394,
            0.16843807763401117
          ]
        ]
      ]
    ],
    "A_matrix": [
      [
        0.8,
        0.3,
        0.1
      ],
      [
        0.2,
        0.7,
        0.9
      ]
    ]
  },
  "conflicting_evidence": {
    "strong_prior": [
      0.9,
      0.05,
      0.05
    ],
    "weak_prior": [
      0.5,
      0.3,
      0.2
    ],
    "strong_posterior": [
      0.48648648648648646,
      0.48648648648648646,
      0.02702702702702703
    ],
    "weak_posterior": [
      0.08196721311475409,
      0.8852459016393441,
      0.03278688524590164
    ],
    "A_matrix": [
      [
        0.9,
        0.05,
        0.05
      ],
      [
        0.05,
        0.9,
        0.05
      ],
      [
        0.05,
        0.05,
        0.9
      ]
    ]
  },
  "temporal_patterns": {
    "patterns": [
      [
        "Alternating",
        [
          [
            0.5,
            0.5
          ],
          [
            0.8,
            0.2
          ],
          [
            0.5,
            0.5
          ],
          [
            0.8,
            0.2
          ],
          [
            0.5,
            0.5
          ],
          [
            0.8,
            0.2
          ],
          [
            0.5,
            0.5
          ],
          [
            0.8,
            0.2
          ],
          [
            0.5,
            0.5
          ]
        ]
      ],
      [
        "Blocks",
        [
          [
            0.5,
            0.5
          ],
          [
            0.8,
            0.2
          ],
          [
            0.9411764705882353,
            0.058823529411764705
          ],
          [
            0.9846153846153847,
            0.015384615384615385
          ],
          [
            0.9961089494163424,
            0.0038910505836575876
          ],
          [
            0.9846153846153847,
            0.015384615384615385
          ],
          [
            0.9411764705882354,
            0.05882352941176471
          ],
          [
            0.8,
            0.2
          ],
          [
            0.5,
            0.5
          ]
        ]
      ],
      [
        "Random",
        [
          [
            0.5,
            0.5
          ],
          [
            0.8,
            0.2
          ],
          [
            0.5,
            0.5
          ],
          [
            0.2,
            0.8
          ],
          [
            0.5,
            0.5
          ],
          [
            0.2,
            0.8
          ],
          [
            0.5,
            0.5
          ],
          [
            0.8,
            0.2
          ],
          [
            0.5,
            0.5
          ]
        ]
      ],
      [
        "Trend",
        [
          [
            0.5,
            0.5
          ],
          [
            0.8,
            0.2
          ],
          [
            0.9411764705882353,
            0.058823529411764705
          ],
          [
            0.8,
            0.2
          ],
          [
            0.9411764705882353,
            0.058823529411764705
          ],
          [
            0.8,
            0.2
          ],
          [
            0.5,
            0.5
          ],
          [
            0.2,
            0.8
          ],
          [
            0.058823529411764705,
            0.9411764705882353
          ]
        ]
      ],
      [
        "Switching",
        [
          [
            0.5,
            0.5
          ],
          [
            0.8,
            0.2
          ],
          [
            0.9411764705882353,
            0.058823529411764705
          ],
          [
            0.9846153846153847,
            0.015384615384615385
          ],
          [
            0.9411764705882354,
            0.05882352941176471
          ],
          [
            0.8,
            0.2
          ],
          [
            0.5,
            0.5
          ],
          [
            0.8,
            0.2
          ],
          [
            0.9411764705882353,
            0.058823529411764705
          ]
        ]
      ]
    ],
    "A_matrix": [
      [
        0.8,
        0.2
      ],
      [
        0.2,
        0.8
      ]
    ]
  },
  "belief_momentum": {
    "observations": [
      0,
      0,
      0,
      1,
      1,
      2,
      2,
      2,
      2
    ],
    "belief_evolution": [
      [
        0.3333333333333333,
        0.3333333333333333,
        0.3333333333333333
      ],
      [
        0.6,
        0.25,
        0.15
      ],
      [
        0.8089887640449438,
        0.1404494382022472,
        0.05056179775280899
      ],
      [
        0.9191489361702128,
        0.06648936170212767,
        0.014361702127659574
      ],
      [
        0.8112676056338027,
        0.17605633802816903,
        0.012676056338028168
      ],
      [
        0.5999999999999999,
        0.390625,
        0.009374999999999998
      ],
      [
        0.6497461928934009,
        0.31725888324873097,
        0.03299492385786801
      ],
      [
        0.6530612244897959,
        0.23915816326530615,
        0.10778061224489795
      ],
      [
        0.5521703963332434,
        0.15165812887570776,
        0.2961714747910488
      ],
      [
        0.33907284768211915,
        0.06984685430463576,
        0.5910802980132451
      ]
    ]
  }
}